350.0	0.002297194139971461	0.0006270017560809264
351.0	0.0024134122665112165	0.0006581917562072057
352.0	0.002640850530614296	0.0006852437121275249
353.0	0.002970044434193265	0.0007079293905329265
354.0	0.0033880234793953264	0.0007262143457206721
355.0	0.003879526473342773	0.000740240414151954
356.0	0.004428273998243958	0.0007502935948411948
357.0	0.005018124450505124	0.0007567639515939525
358.0	0.005633995517807213	0.0007601040867377291
359.0	0.006262498179580962	0.0007607913637851778
360.0	0.006892287050191515	0.0007592970941323587
361.0	0.007476364941974884	0.0007579112807124927
362.0	0.008019534225977207	0.0007566225291716132
363.0	0.00852594732171202	0.0007554209872643816
364.0	0.008999213053906918	0.0007542980925065679
365.0	0.009442482786296823	0.0007532463678095573
366.0	0.009858520680783857	0.0007522592547798336
367.0	0.010249761393589081	0.0007513309768261039
368.0	0.010618357753336173	0.0007504564260358118
369.0	0.010966220393390775	0.0007496310691413986
370.0	0.011295050879142591	0.0007488508689208005
371.0	0.01163635817621542	0.0007483325899880048
372.0	0.011992238229065045	0.0007480758393467495
373.0	0.01236455453575636	0.0007480800653726825
374.0	0.012754914048981696	0.0007483442028801524
375.0	0.013164644309368168	0.0007488663591022598
376.0	0.013594773342093176	0.0007496435456739047
377.0	0.014046013694146677	0.0007506714615389721
378.0	0.014518751789627152	0.0007519443310230748
379.0	0.015013043537082816	0.0007534548001945733
380.0	0.015528616842100825	0.0007551938931596528
381.0	0.016064881368912726	0.0007653509036323614
382.0	0.016620945568041706	0.0007754315085396365
383.0	0.017195640656446617	0.0007854448166496824
384.0	0.017787550917365207	0.0007953963646521258
385.0	0.01839504939522688	0.0008052885037356218
386.0	0.01901633781267536	0.0008151208129321621
387.0	0.019649489346758437	0.0008248905310175929
388.0	0.02029249278194597	0.0008345929970560863
389.0	0.02094329651710599	0.0008442220886670669
390.0	0.021599850945068094	0.0008537706468150009
391.0	0.022275299062951257	0.0008631114446549895
392.0	0.022972354679049532	0.0008722574992622291
393.0	0.023693506308272144	0.0008812211508023121
394.0	0.024440958510314192	0.0008900140114830797
395.0	0.025216576804448464	0.0008986469138569616
396.0	0.02602183866994831	0.0009071298620807217
397.0	0.026857792980295128	0.0009154719896713288
398.0	0.0277250299145107	0.000923681527030545
399.0	0.028623662953987248	0.0009317657815536697
400.0	0.02955332403210391	0.0009397311325115641
401.0	0.030513172289345452	0.0009748268934509575
402.0	0.03150191623735754	0.001009229205021027
403.0	0.03251784849330032	0.0010429653327807468
404.0	0.033558891652707167	0.0010760603760641408
405.0	0.03462265336297101	0.0011085373685393734
406.0	0.03570648827208828	0.0011404173999284325
407.0	0.036807564280794985	0.0011717197559906968
408.0	0.03792293043233877	0.0012024620728884937
409.0	0.039049583832948175	0.0012326605013592438
410.0	0.04018453319652483	0.0012623298757472826
411.0	0.04131846492763254	0.0012917216478508537
412.0	0.04245406590117836	0.001320889320779187
413.0	0.04359395861354487	0.0013498856560096033
414.0	0.04474066314313389	0.00137876207341365
415.0	0.04589655835139704	0.0014075680185115932
416.0	0.04706384373234967	0.0014363503196283664
417.0	0.04824450335689671	0.0014651525591519688
418.0	0.04944027332753934	0.001494014483484977
419.0	0.05065261405915992	0.0015229714754783853
420.0	0.05188268853621619	0.0015520541111560546
421.0	0.05313134747278795	0.0015808681542323656
422.0	0.054399122029491015	0.0016098578390987574
423.0	0.055686224432927964	0.0016390373081198062
424.0	0.05699255651390439	0.001668415307287184
425.0	0.0583177258466127	0.0016979953566111183
426.0	0.05966106884987958	0.0017277760434864916
427.0	0.06102167992101519	0.0017577514267458794
428.0	0.06239844542945511	0.0017879115344766102
429.0	0.0637900812157057	0.0018182429349636717
430.0	0.06519517213208105	0.00184872935754973
431.0	0.06660899705120141	0.0018789730175733925
432.0	0.06803301747047501	0.0019089692289959484
433.0	0.06946860742536926	0.001938713267033808
434.0	0.07091701753786447	0.0019682004964075186
435.0	0.07237934014881375	0.001997426506943343
436.0	0.07385647707785759	0.0020263872514135663
437.0	0.07534911151971155	0.002055079180001369
438.0	0.07685768545414665	0.0020834993655983293
439.0	0.07838238372295049	0.0021116456143218275
440.0	0.07992312562271292	0.0021395165561816413
441.0	0.08147956449673799	0.0020994042882339697
442.0	0.08305109540772738	0.0020594879131522175
443.0	0.08463687056350555	0.0020197715891741587
444.0	0.08623582178019175	0.0019802599510929564
445.0	0.08784668892819317	0.001940957969677099
446.0	0.08946805303910317	0.001901870806884529
447.0	0.09109837257254923	0.0018630036727699834
448.0	0.09273602126003731	0.0018243616895743577
449.0	0.0943793259585434	0.0017859497677750657
450.0	0.09602660305289804	0.0017477724979368195
451.0	0.09766144282976218	0.0017099190134103155
452.0	0.09928407051080144	0.0016723870509770796
453.0	0.1008947240767813	0.0016351739098246255
454.0	0.1024936539386464	0.001598276388145953
455.0	0.10408112209245353	0.0015616907328913775
456.0	0.10565740075725365	0.0015254126056010045
457.0	0.10722277052296104	0.001489437066574285
458.0	0.10877751806303051	0.0014537585787921124
459.0	0.11032193349232476	0.0014183710320496573
460.0	0.1118563074719297	0.001383267786748319
461.0	0.11338092817818647	0.001362017653785831
462.0	0.11489607826162584	0.0013409544650809222
463.0	0.11640203192214092	0.0013200728199887395
464.0	0.11789905221958062	0.0012993670039817915
465.0	0.11938738872457609	0.0012788310724542683
466.0	0.12086727559399085	0.0012584589389865097
467.0	0.12233893013052732	0.0012382444644986306
468.0	0.12380255185865388	0.0012181815438587857
469.0	0.12525832212117086	0.0011982641868344655
470.0	0.12670640417439688	0.0011784865907524416
471.0	0.12813774986137133	0.001158876999935274
472.0	0.1295518877693305	0.0011394366326410213
473.0	0.13094840012805758	0.0011201661878663086
474.0	0.13232693839342918	0.0011010657525146546
475.0	0.13368723780120903	0.0010821347214184773
476.0	0.1350291302407105	0.0010633717342954105
477.0	0.1363525548450369	0.0010447746330836168
478.0	0.137657565779063	0.0010263404422327766
479.0	0.13894433682394614	0.001008065373478247
480.0	0.14021316250094368	0.0009899448554615393
481.0	0.14146445563879323	0.0009828015101708402
482.0	0.14269874145759542	0.0009757628018679658
483.0	0.1439166484071625	0.0009688249551364088
484.0	0.14511889614855733	0.0009619836095554389
485.0	0.14630628119454506	0.0009552339081132697
486.0	0.14747966082023173	0.0009485705969342239
487.0	0.14863993591400404	0.000941988132146211
488.0	0.14978803345847896	0.0009354807895660829
489.0	0.15092488931190834	0.0009290427729763827
490.0	0.15205143190547626	0.000922668317089673
491.0	0.1531714583119493	0.0009162978078627232
492.0	0.15428459769197891	0.0009099303716965161
493.0	0.15539048763491023	0.000903565205454137
494.0	0.15648878250616757	0.0008972015995877239
495.0	0.15757916193325222	0.0008908389601026264
496.0	0.15866133908906507	0.0008844768283559184
497.0	0.15973506841798824	0.0008781148977346771
498.0	0.16080015245801782	0.0008717530263698743
499.0	0.1618564474419331	0.0008653912452095676
500.0	0.16290386741095617	0.0008590297609907489
501.0	0.1639423866427788	0.0008928355125839759
502.0	0.16497204027781825	0.0009265275802929398
503.0	0.16599292311752759	0.0009601048320704752
504.0	0.1670051866602124	0.000993566387619947
505.0	0.16800903452665605	0.001026911629419878
506.0	0.16900471650392612	0.0010601402054874047
507.0	0.16999252149600164	0.0010932520240884282
508.0	0.17097276971071765	0.0011262472410058695
509.0	0.1719458044320235	0.0011591262403247938
510.0	0.17291198372453928	0.001191889609962422
511.0	0.17384612909895222	0.0012244870707899974
512.0	0.17474550881068074	0.0012569079679170157
513.0	0.17560749104561127	0.0012891413368081516
514.0	0.1764296093604738	0.0013211760965889123
515.0	0.17720962815785826	0.0013530012640683314
516.0	0.17794560540751672	0.0013846061810277156
517.0	0.17863594977132688	0.0014159807460005184
518.0	0.1792794694143258	0.0014471156409218027
519.0	0.1798754100907172	0.0014780025427569739
520.0	0.18042348056811736	0.0015086343105839538
521.0	0.18092386406665628	0.0014704278624759616
522.0	0.18137721509990024	0.0014322806923650834
523.0	0.18178464186055254	0.0013942037973398223
524.0	0.18214767503972026	0.0013562087908884084
525.0	0.18246822464939802	0.0013183076602499275
526.0	0.18274852698523145	0.0012805125216283784
527.0	0.1829910842829654	0.0012428353832560069
528.0	0.1831985998637109	0.0012052879253144964
529.0	0.18337391162235095	0.001167881304256783
530.0	0.18351992659756067	0.0011306259872599512
531.0	0.18365778370645053	0.001093617128259044
532.0	0.1837868765639492	0.0010568522913127526
533.0	0.1839066274274124	0.0010203285718598486
534.0	0.1840165018200034	0.00098404255945929
535.0	0.18411602292354481	0.0009479903149762213
536.0	0.18420478514466956	0.0009121673641622292
537.0	0.18428246626256542	0.000876568708823947
538.0	0.18434883760634171	0.0008411888559090337
539.0	0.18440377178403441	0.0008060218639204634
540.0	0.18444724758983838	0.000771061405162902
541.0	0.18447935184517475	0.0007763602418096043
542.0	0.18450027807455785	0.0007816730861818368
543.0	0.18451032206945103	0.0007869998618925092
544.0	0.1845098745423288	0.0007923401231801953
545.0	0.18449941120920507	0.0007976930791656641
546.0	0.18447948075316753	0.0008030576271803359
547.0	0.18445069120699123	0.0008084323935634723
548.0	0.18441369534497884	0.0008138157800316168
549.0	0.18436917569071873	0.0008192060135505833
550.0	0.18431782972909436	0.0008246011975931632
551.0	0.1842799594515909	0.0008299918394360571
552.0	0.18425673640670476	0.0008353797545504741
553.0	0.18424928483961048	0.0008407667347523057
554.0	0.18425865432620345	0.000846154513130414
555.0	0.18428579261911987	0.0008515447280021931
556.0	0.18433151982466928	0.0008569388872880026
557.0	0.18439650503392296	0.0008623383347687558
558.0	0.18448124646834343	0.0008677442196799117
559.0	0.18458605607122286	0.0008731574709964252
560.0	0.18471104928696014	0.000878578777579683
561.0	0.184856140531902	0.00094140851685729
562.0	0.1850210445882353	0.0010040708670084192
563.0	0.1852052838642681	0.0010665713991433454
564.0	0.18540820117975398	0.0011289151834121302
565.0	0.18562897747281243	0.0011911067419469192
566.0	0.18586665360268453	0.0012531500192078909
567.0	0.18612015525393316	0.0013150483702535393
568.0	0.18638831984220602	0.0013768045665249204
569.0	0.18666992428370377	0.0014384208178693408
570.0	0.18696371251915272	0.0014998988087894251
571.0	0.18726565346614368	0.001561213807626026
572.0	0.18757655472120524	0.0016223664518082333
573.0	0.18789719249323955	0.0016833573749073809
574.0	0.18822829275018715	0.0017441872068012251
575.0	0.188570512463238	0.001804856573859367
576.0	0.18892442172779225	0.0018653660991448514
577.0	0.1892904875470378	0.001925716402625644
578.0	0.18966906002300546	0.001985908101388736
579.0	0.19006036161157544	0.002045941809849057
580.0	0.19046447996625715	0.0021058181399453246
581.0	0.19088136472841988	0.002075448912762509
582.0	0.1913108284298369	0.002045158957534397
583.0	0.19175255146994452	0.0020149479697083093
584.0	0.19220609092913393	0.0019848156469973277
585.0	0.1926708927945531	0.0019547616892331182
586.0	0.19314630701870503	0.001924785798208754
587.0	0.19363160471352914	0.00189488767751765
588.0	0.19412599671026765	0.001865067032394663
589.0	0.19462865269113	0.0018353235695648745
590.0	0.1951387201216059	0.0018056569971048823
591.0	0.1956567101713522	0.0017761049412418205
592.0	0.1961834959736206	0.0017466685810830782
593.0	0.19671992356818904	0.0017173487584632432
594.0	0.19726679248269285	0.001688145915162034
595.0	0.19782483625521927	0.0016590600380747222
596.0	0.19839470368350529	0.0016300906151606098
597.0	0.19897694160019128	0.0016012366046025898
598.0	0.19957197994065415	0.001572496419049757
599.0	0.2001801197897829	0.0015438679261179885
600.0	0.20080152497018003	0.001515348465534761
601.0	0.20143621757370675	0.001487067454625921
602.0	0.20208407765108408	0.001458888474290321
603.0	0.2027448470727171	0.001430807551904633
604.0	0.2034181373714956	0.001402820400916024
605.0	0.20410344118863966	0.0013749224996303924
606.0	0.2048001467791755	0.0013471091740464931
607.0	0.20550755490475164	0.001319375681377812
608.0	0.20622489735567134	0.0012917172910409307
609.0	0.20695135630518907	0.0012641293602030266
610.0	0.20768608370756955	0.0012366074014405729
611.0	0.2084170160206374	0.0012091040594930222
612.0	0.20914386408660907	0.0011816188139998234
613.0	0.20986634391983602	0.0011541513754246314
614.0	0.2105841829651945	0.0011267017172371368
615.0	0.21129712649881338	0.001099270102126174
616.0	0.21200494391618216	0.0010718571006781274
617.0	0.2127074346405202	0.0010444636012609165
618.0	0.21340443338795836	0.001017090810258063
619.0	0.21409581454628987	0.0009897402422742382
620.0	0.2147814954601711	0.0009624137004507974
621.0	0.215461438465708	0.0009587761585021968
622.0	0.21613565157816883	0.000955120968026289
623.0	0.21680418780395955	0.0009514489453660057
624.0	0.217467143117247	0.000947761121514158
625.0	0.2181246532078184	0.0009440587160776862
626.0	0.2187768891653057	0.000940343106592241
627.0	0.21942405231189152	0.000936615794583659
628.0	0.22006636842817465	0.0009328783698658489
629.0	0.22070408163341268	0.0009291324745652973
630.0	0.2213374481816222	0.0009253797682762323
631.0	0.22197766887535092	0.0009216598970296609
632.0	0.2226255529976101	0.0009179747380689884
633.0	0.22328188875000857	0.000914326056387797
634.0	0.2239474257214107	0.0009107154568240316
635.0	0.22462285719871697	0.0009071443374864658
636.0	0.22530880302259776	0.0009036138464960696
637.0	0.22600579370904839	0.0009001248439796359
638.0	0.226714256533762	0.0008966778710896901
639.0	0.22743450421001363	0.0008932731275489874
640.0	0.22816672668473903	0.0008899104588443557
641.0	0.2289109864376732	0.0008947861898185616
642.0	0.22966721750342473	0.0008996913440641807
643.0	0.23043522825691434	0.0009046257311447573
644.0	0.2312147078206241	0.0009095888141359601
645.0	0.23200523577970786	0.0009145797321288903
646.0	0.23280629473953415	0.0009195973313669935
647.0	0.233617285139248	0.0009246402035064592
648.0	0.23443754165154185	0.0009297067292093439
649.0	0.23526635045705072	0.000934795125111826
650.0	0.2361029666824359	0.0009399034921629069
651.0	0.23693122959163432	0.0009450347349565251
652.0	0.23775050159285913	0.0009501918366483265
653.0	0.23856017639524138	0.000955377753014272
654.0	0.23935969439540375	0.0009605953528994772
655.0	0.24014855779261549	0.0009658473567575049
656.0	0.24092634480199696	0.000971136275613728
657.0	0.24169272234153635	0.0009764643529201228
658.0	0.24244745661247333	0.0009818335117637855
659.0	0.24319042107268246	0.0009872453097404536
660.0	0.24392160141498817	0.0009927009035111227
661.0	0.24464109730020767	0.0009892100631595487
662.0	0.24534912074938794	0.0009857629844108907
663.0	0.24604599126101753	0.000982358349127942
664.0	0.24673212787623558	0.0009789944624524934
665.0	0.24740803855784724	0.0009756692947388994
666.0	0.2480743073680787	0.0009723805317007116
667.0	0.24873158001819418	0.0009691256305426658
668.0	0.24938054841558535	0.0009659018796635148
669.0	0.25002193484874324	0.0009627064594730812
670.0	0.2506564764285495	0.0009595365019650994
671.0	0.2512789513386382	0.0009563785992932238
672.0	0.25188819564444387	0.0009532339666724429
673.0	0.2524830838935354	0.0009501037613927652
674.0	0.2530625554671723	0.0009469890534166163
675.0	0.2536256409568069	0.0009438907964173878
676.0	0.2541714874932691	0.0009408098004732139
677.0	0.2546993819397534	0.0009377467076234086
678.0	0.25520877090774297	0.0009347019714150791
679.0	0.2556992766677393	0.0009316758414160964
680.0	0.2561707081990766	0.0009286683534554153
681.0	0.25662306684527325	0.0009346627320455615
682.0	0.2570565462992494	0.0009406860728355606
683.0	0.2574715269192342	0.0009467384127437947
684.0	0.2578685646525935	0.0009528195772930629
685.0	0.2582483751024935	0.000958929192043452
686.0	0.2586118134941758	0.0009650666995049868
687.0	0.25895985146964146	0.0009712313806750017
688.0	0.2592935517518633	0.0009774223801558009
689.0	0.259614041767252	0.0009836387336869957
690.0	0.25992248729812606	0.0009898793968788743
691.0	0.26021930358687456	0.0009961519341044557
692.0	0.2605033429742099	0.0010024589582538674
693.0	0.26077349154350654	0.0010088030799683275
694.0	0.2610286945610493	0.0010151868580473163
695.0	0.2612679820389312	0.0010216127476637483
696.0	0.2614904933942305	0.0010280830483146107
697.0	0.2616955001575534	0.0010345998535789113
698.0	0.26188242572489223	0.0010411650047840878
699.0	0.26205086124940336	0.0010477800505877802
700.0	0.2622005769296651	0.0010544462142647029
701.0	0.2623315281592052	0.0010658062252424407
702.0	0.26244385624555705	0.0010772294141757764
703.0	0.2625378836698753	0.0010887164464841706
704.0	0.2626141041226699	0.00110026761661887
705.0	0.2626731677998	0.001111882859634783
706.0	0.26271586265918023	0.0011235617729738454
707.0	0.26274309250904465	0.0011353036472591593
708.0	0.2627558529132538	0.0011471075045085264
709.0	0.2627552059526661	0.0011589721418923643
710.0	0.2627422548734802	0.0011708961789988492
711.0	0.26273308990337363	0.0011829215056449595
712.0	0.2627280865450708	0.0011950571108614713
713.0	0.262727612297767	0.0012073121296093676
714.0	0.2627320188407407	0.0012196956945264856
715.0	0.26274163412282525	0.0012322167771889076
716.0	0.2627567546638366	0.0012448840243873547
717.0	0.26277763838213153	0.0012577055955252368
718.0	0.26280449825283236	0.00127068900753413
719.0	0.262837497073785	0.0012838409936386885
720.0	0.26287674357216695	0.001297167381875186
721.0	0.2629222900262419	0.0012965084757330708
722.0	0.2629741315075623	0.0012959645323975132
723.0	0.26303220677323247	0.0012955338911287205
724.0	0.26309640076046925	0.001295213852528892
725.0	0.2631665485615264	0.0012950007616815587
726.0	0.2632424406907369	0.0012948901157311342
727.0	0.26332382940103266	0.0012948766910061262
728.0	0.2634104357679217	0.0012949546840745035
729.0	0.26350195723656317	0.0012951178607411983
730.0	0.26359807532298013	0.0012953597069655528
731.0	0.2636910336834091	0.0012955723604752489
732.0	0.26378044193654937	0.0012957526384943935
733.0	0.2638659161562212	0.00129589741651699
734.0	0.2639470873146646	0.0012960036972144249
735.0	0.2640236099318119	0.0012960686808449703
736.0	0.264095170586159	0.0012960898343471893
737.0	0.26416149592536725	0.0012960649561660474
738.0	0.2642223598186607	0.0012959922339030275
739.0	0.26427758931954826	0.001295870292107624
740.0	0.26432706915562737	0.0012956982279304214
741.0	0.2643707445296463	0.0016878151787007292
742.0	0.2644086220982962	0.0020820625327852707
743.0	0.26444076908675973	0.0024784149356606275
744.0	0.2644673105913648	0.0028768484809863506
745.0	0.2644884252130581	0.003277341352935091
746.0	0.26450433924447825	0.00367987438021035
747.0	0.2645153196977755	0.004084431482424885
748.0	0.2645216665050334	0.004490999996084153
749.0	0.2645237042459798	0.0048995708744731005
750.0	0.26452177375825153	0.00531013876273466
751.0	0.2645153160140242	0.005723272068357484
752.0	0.26450386652703634	0.006139131620215871
753.0	0.2644869667833454	0.006557891925179252
754.0	0.26446417333443756	0.0069797400593955335
755.0	0.26443506707813247	0.007404874144094084
756.0	0.2643992623779155	0.007833501435861588
757.0	0.2643564156589234	0.008265836083000584
758.0	0.2643062331262297	0.008702096619587513
759.0	0.2642484772786302	0.009142503285739218
760.0	0.26418297193768014	0.009587275275076426
761.0	0.26410960557479296	0.009231346841392813
762.0	0.26402833279513765	0.008873754380033535
763.0	0.26393917392126753	0.00851432327192872
764.0	0.26384221270675623	0.008152868887201183
765.0	0.2637375922952377	0.007789199112890154
766.0	0.2636255096179695	0.00742311695211946
767.0	0.26350620848875056	0.0070544230916249895
768.0	0.26337997170495286	0.006682918340801715
769.0	0.2632471124949974	0.0063084058568116
770.0	0.26310796566450456	0.005930693085823686
771.0	0.26296631027219913	0.0055490992485961906
772.0	0.2628220096125411	0.005163574645337799
773.0	0.2626749285876021	0.004774071130224648
774.0	0.26252493616750805	0.004380542257716328
775.0	0.2623719079057095	0.0039829433603533896
776.0	0.26221572840875945	0.0035812315481462383
777.0	0.2620562936555356	0.0031753656231825666
778.0	0.2618935130623029	0.0027653059072669673
779.0	0.26172731119793763	0.0023510139849839697
780.0	0.2615576290677909	0.0019324523692156768
781.0	0.26138442490429536	0.001934234881435274
782.0	0.26120767442626414	0.0019359920067170812
783.0	0.26102737055529546	0.0019377241049205489
784.0	0.26084352260491356	0.0019394319542227055
785.0	0.26065615498414413	0.0019411167261204484
786.0	0.26046530548031643	0.0019427799496637992
787.0	0.2602710232044814	0.0019444234667380213
788.0	0.26007336629577715	0.0019460493805765564
789.0	0.25987239948773855	0.001947659999905735
790.0	0.25966819163979116	0.0019492577811885778
791.0	0.2594635590449057	0.0019508613967944267
792.0	0.25925865811791576	0.0019524698996182162
793.0	0.25905364378045415	0.0019540823521756
794.0	0.25884866572070053	0.0019556978503180427
795.0	0.25864386450931204	0.0019573155478830755
796.0	0.2584393677196102	0.00195893468134275
797.0	0.25823528621030484	0.0019605545934475205
798.0	0.2580317107301932	0.001962174754854056
799.0	0.2578287089957711	0.001963794782778041
800.0	0.25762632337464064	0.0019654144558262088
801.0	0.25742456928086915	0.002088202440876101
802.0	0.2572234343547011	0.0022122936249584523
803.0	0.2570228784604529	0.002337706199426553
804.0	0.25682283449568816	0.0024644589757918593
805.0	0.2566232099647079	0.0025925714372264093
806.0	0.2564238892327618	0.0027220637820954434
807.0	0.25622473634662524	0.0028529569585228863
808.0	0.25602559828424093	0.0029852726895160946
809.0	0.25582630848221805	0.003119033488710222
810.0	0.25562669048560793	0.003254262667297892
811.0	0.2554189431924923	0.003390900427052671
812.0	0.2552023913423647	0.003528947799090673
813.0	0.25497636687176856	0.0036684043133511993
814.0	0.25474022230943916	0.00380926823281003
815.0	0.25449334457212003	0.003951536855627661
816.0	0.25423516861503637	0.004095206878716989
817.0	0.25396519035849635	0.004240274812376244
818.0	0.2536829783136632	0.004386737432141496
819.0	0.2533881833683699	0.004534592251162806
820.0	0.2530805462671372	0.0046838379944594746
821.0	0.252759902424503	0.004724892510540395
822.0	0.2524261838407641	0.004766156883952567
823.0	0.2520794180353421	0.004807633099523694
824.0	0.25171972406482934	0.004849325529805695
825.0	0.2513473058394071	0.0048912408893936575
826.0	0.2509624430823347	0.004933388122803402
827.0	0.250565480383633	0.0049757782328640554
828.0	0.25015681487424074	0.005018424059295203
829.0	0.24973688308692774	0.005061340019153769
830.0	0.24930614757425681	0.005104541822046897
831.0	0.24888714038864215	0.00514820945429321
832.0	0.2484815923672689	0.005192351148699496
833.0	0.24809122132365916	0.005236975319740926
834.0	0.24771769623365508	0.0052820905543078675
835.0	0.24736260016337033	0.005327705601378651
836.0	0.24702739336118662	0.005373829361135915
837.0	0.2467133780260184	0.005420470874117966
838.0	0.246421666267891	0.0054676393110399705
839.0	0.2461531526889667	0.005515343963927578
840.0	0.24590849283521957	0.005563594239175432
841.0	0.24568808850998308	0.005531848436969916
842.0	0.24549208061634856	0.005499753707232277
843.0	0.2453203498271855	0.005467303666470522
844.0	0.24517252499448164	0.005434491684509181
845.0	0.24504799883041714	0.005401310889739621
846.0	0.2449459500469791	0.00536775417668442
847.0	0.24486537085185198	0.0053338142153116115
848.0	0.24480509848367263	0.005299483461466325
849.0	0.24476384934102852	0.005264754167758856
850.0	0.24474025422121595	0.00522961839425902
851.0	0.24472473900272984	0.00519381810247131
852.0	0.24471824302197745	0.005157323532031208
853.0	0.24472169974083494	0.005120105811464074
854.0	0.24473601741175863	0.005082137524416931
855.0	0.24476205897731387	0.005043393273370057
856.0	0.24480062199085154	0.005003850216571069
857.0	0.24485241940407623	0.004963488553559075
858.0	0.2449180620766763	0.004922291935828231
859.0	0.2449980438187808	0.004880247781935807
860.0	0.2450927296788953	0.004837347480570213
861.0	0.24520234804292207	0.004763197789934229
862.0	0.24532698692307686	0.004687849236133917
863.0	0.24546659460190562	0.004611306476573118
864.0	0.245620984571616	0.0045335776101391384
865.0	0.24578984448911115	0.004454673668607889
866.0	0.24597274866844773	0.004374608032647183
867.0	0.24616917346885767	0.00429339579922376
868.0	0.24637851481855827	0.004211053128368647
869.0	0.24660010704868168	0.004127596596620157
870.0	0.24683324219949732	0.0040430425822002986
871.0	0.24706822583103744	0.00395783825288151
872.0	0.24730507440254385	0.0038719798704487953
873.0	0.24754381284061217	0.0037854606223303227
874.0	0.24778447591992053	0.003698270079816041
875.0	0.2480271095059103	0.003610393704878803
876.0	0.24827177160227049	0.003521812427902702
877.0	0.24851853315280084	0.0034325023162732676
878.0	0.24876747855735032	0.0033424343501134504
879.0	0.24901870587447258	0.0032515743166578793
880.0	0.24927232669841778	0.003159882829137799
881.0	0.24952846571412393	0.0032656290588030734
882.0	0.2497872599499002	0.003373124329699363
883.0	0.2500488577624644	0.0034824303674782855
884.0	0.2503134176018902	0.003593607395745569
885.0	0.2505811066140296	0.0037067138898400145
886.0	0.25085209914448064	0.003821806433818911
887.0	0.251126575210848	0.00393893968569675
888.0	0.25140471900883216	0.004058166450751781
889.0	0.25168671751283295	0.004179537857640858
890.0	0.25197275922376094	0.004303103627477474
891.0	0.2522639734719898	0.004428803453171178
892.0	0.2525605806680018	0.004556720582724073
893.0	0.25286281216432777	0.004686942880914322
894.0	0.2531709093624459	0.004819562649814037
895.0	0.2534851226217249	0.0049546763744392035
896.0	0.25380571000910046	0.005092384402261183
897.0	0.25413293593962655	0.005232790569604524
898.0	0.25446706976741384	0.005376001791819244
899.0	0.254808384392995	0.005522127637256225
900.0	0.2551571549562668	0.005671279907239667
901.0	0.2555136576834971	0.005827075354576495
902.0	0.25587816895236176	0.005986192178560771
903.0	0.2562509646308039	0.006148749364545032
904.0	0.2566323197341486	0.006314867062302647
905.0	0.2570225084310892	0.006484666514331503
906.0	0.2574218044137778	0.006658270101663115
907.0	0.2578304816313344	0.0068358015125862225
908.0	0.25824881537067795	0.0070173860344170435
909.0	0.25867708365469355	0.00720315096337674
910.0	0.2591155689162334	0.007393226123106398
911.0	0.2595592209248061	0.007586580503142222
912.0	0.2600076413007612	0.007783173780974009
913.0	0.26046040555866146	0.007982955913215111
914.0	0.2609170724611737	0.008185868681444684
915.0	0.26137719484707583	0.008391847696257379
916.0	0.26184033160584674	0.00860082481916155
917.0	0.2623060603779872	0.008812730934975956
918.0	0.2627739904862008	0.009027498982234554
919.0	0.26324377555560363	0.009245067128044878
920.0	0.2637151252672786	0.009465381958928844
921.0	0.2641878157121576	0.00951857677508606
922.0	0.26466169787163174	0.00957102051799373
923.0	0.2651367038442479	0.009622696684599995
924.0	0.26561285055787365	0.009673607238037021
925.0	0.2660902408446501	0.00972377235266809
926.0	0.26656906190102625	0.009773229600319087
927.0	0.2670495812957497	0.009822032632783488
928.0	0.2675321408140798	0.00987024944035581
929.0	0.26801714852769914	0.00991796028450981
930.0	0.2685050695504196	0.009965255413851274
931.0	0.2689998711358752	0.010013632404852906
932.0	0.26950154282465355	0.0100631418278649
933.0	0.2700100855434787	0.010113836155694644
934.0	0.27052551760799626	0.01016576948775309
935.0	0.2710478809824108	0.010218997245496374
936.0	0.2715772475851841	0.010273575852165834
937.0	0.2721137254154378	0.01032956241176389
938.0	0.2726574642729612	0.010387014403400008
939.0	0.2732086608566534	0.010445989407476354
940.0	0.27376756305165884	0.010506544879593174
941.0	0.27433447325312404	0.01052355417286703
942.0	0.2749097506222172	0.0105412555972422
943.0	0.2754938122247249	0.010559667714819638
944.0	0.27608713306059124	0.010578807043018074
945.0	0.27669024505029366	0.010598688184907503
946.0	0.27730373509716655	0.010619324039327834
947.0	0.2779282423902493	0.01064072608219598
948.0	0.27856445514722916	0.010662904707528943
949.0	0.2792131070196759	0.010685869614620678
950.0	0.27987497339219836	0.010709630226611398
951.0	0.2805392887105848	0.010733896736587879
952.0	0.28120477683721545	0.010758679120130692
953.0	0.2818701379986473	0.010783988041710118
954.0	0.28253407905559835	0.010809835101430298
955.0	0.2831953463519392	0.010836233104785415
956.0	0.2838527600410267	0.010863196349111245
957.0	0.284505248635335	0.01089074091938952
958.0	0.28515188243895845	0.010918884985442502
959.0	0.2857919045126974	0.010947649092414864
960.0	0.28642475789311145	0.010977056436822563
961.0	0.2870501079388275	0.010870834369998448
962.0	0.2876678589017605	0.010761386944551315
963.0	0.2882781641039433	0.010648581183196603
964.0	0.28888142942365064	0.010532277916518725
965.0	0.28947831013538416	0.010412331101692207
966.0	0.2900697014836363	0.010288587045360648
967.0	0.29065672367743656	0.01016088353216447
968.0	0.2912407022515139	0.010029048861182582
969.0	0.29182314493485495	0.009892900792651949
970.0	0.2924057162885294	0.009752245406702243
971.0	0.2930212267802133	0.009605996936157206
972.0	0.29367243984766667	0.00945383059432733
973.0	0.2943622117621422	0.009295412746351829
974.0	0.29509346286041965	0.009130402997575372
975.0	0.29586914630828137	0.008958456310916152
976.0	0.29669221572432886	0.008779225026376673
977.0	0.2975655931995805	0.008592360645382371
978.0	0.2984921393759873	0.00839751523982909
979.0	0.299474627278802	0.0081943423514535
980.0	0.30051572152377665	0.007982497261569839
981.0	0.3016179643394763	0.007961913519062369
982.0	0.3027837695664587	0.007939079884816234
983.0	0.30401542543718224	0.007913918050277373
984.0	0.3053151065299563	0.00788636056011909
985.0	0.30668489485946654	0.007856350255784059
986.0	0.3081268096502651	0.00782383923962762
987.0	0.30964284497180666	0.007788787399387838
988.0	0.3112350141231766	0.007751160551931226
989.0	0.31290539946413665	0.007710928279472738
990.0	0.31465620630868696	0.00766806153984583
991.0	0.31653557752188577	0.007622766275199224
992.0	0.3185563331421008	0.007574839982730609
993.0	0.3207319589295208	0.007524069909677602
994.0	0.3230765110163679	0.007470234146993873
995.0	0.3256045088293402	0.007413102830054601
996.0	0.32833082160076055	0.007352439369970162
997.0	0.33127055488172535	0.0072880016253710645
998.0	0.3344389442986001	0.007219542914562513
999.0	0.33785126427182005	0.007146812762714636
1000.0	0.34152275948615046	0.00706955727887797
1001.0	0.345468606541103	0.007071653175780134
1002.0	0.3497039124354913	0.00707246572650126
1003.0	0.35424375540920655	0.007071934338233108
1004.0	0.35910327227512207	0.007070007595759027
1005.0	0.3642977948529835	0.007066643129340268
1006.0	0.3698430366138272	0.007061807069009976
1007.0	0.37575532931314487	0.007055473099845086
1008.0	0.3820519083815843	0.007047621149617084
1009.0	0.3887512452816471	0.007038235753700974
1010.0	0.39587342502730133	0.007027304151219518
1011.0	0.40308175667025453	0.007008992450658333
1012.0	0.41033315058290604	0.006982131465228035
1013.0	0.4175779744275741	0.00694551893458015
1014.0	0.42476060295839435	0.0068979531939666276
1015.0	0.4318203644983109	0.006838273058650665
1016.0	0.4386929000170579	0.006765402411515653
1017.0	0.44531191564505546	0.00667839720086247
1018.0	0.4516112679821353	0.00657649186104254
1019.0	0.4575272784027125	0.006459141690271007
1020.0	0.4630011340441048	0.006326057581802434
1021.0	0.46798120624336464	0.006177229795464348
1022.0	0.47242510799407444	0.006012938201012256
1023.0	0.47630132427636823	0.00583374756501761
1024.0	0.4795902830066231	0.005640487848879432
1025.0	0.4822847859380021	0.005434220936904449
1026.0	0.4843897807248699	0.005216196500359355
1027.0	0.485921518187228	0.004987800634007268
1028.0	0.4869061932886164	0.004750501352956857
1029.0	0.487378207206257	0.00450579497844295
1030.0	0.487378207206257	0.004255156930741252
1031.0	0.487378207206257	0.004004518883039552
1032.0	0.487378207206257	0.0037538808353378525
1033.0	0.487378207206257	0.003503242787636153
1034.0	0.487378207206257	0.0032526047399344536
1035.0	0.487378207206257	0.003001966692232755
1036.0	0.487378207206257	0.0027513286445310556
1037.0	0.487378207206257	0.002500690596829356
1038.0	0.487378207206257	0.0022500525491276576
1039.0	0.487378207206257	0.001999414501425958
1040.0	0.487378207206257	0.0017487764537242585
1041.0	0.487378207206257	0.0014981384060225589
1042.0	0.487378207206257	0.0012475003583208592
1043.0	0.487378207206257	0.0009968623106191598
1044.0	0.487378207206257	0.0007462242629174625
1045.0	0.487378207206257	0.000495586215215763
1046.0	0.487378207206257	0.00024494816751406337
1047.0	0.487378207206257	-5.689880187636215e-06
1048.0	0.487378207206257	-0.0002563279278893358
1049.0	0.487378207206257	-0.0005069659755910353
1050.0	0.487378207206257	-0.0007576040232927349
1051.0	0.487378207206257	-0.0010082420709944344
1052.0	0.487378207206257	-0.001258880118696134
1053.0	0.487378207206257	-0.0015095181663978313
1054.0	0.487378207206257	-0.0017601562140995308
1055.0	0.487378207206257	-0.0020107942618012306
1056.0	0.487378207206257	-0.00226143230950293
1057.0	0.487378207206257	-0.0025120703572046295
1058.0	0.487378207206257	-0.002762708404906329
1059.0	0.487378207206257	-0.003013346452608029
1060.0	0.487378207206257	-0.003263984500309726
1061.0	0.487378207206257	-0.0035146225480114255
1062.0	0.487378207206257	-0.003765260595713125
1063.0	0.487378207206257	-0.004015898643414824
1064.0	0.487378207206257	-0.004266536691116524
1065.0	0.487378207206257	-0.004517174738818224
1066.0	0.487378207206257	-0.004767812786519924
1067.0	0.487378207206257	-0.005018450834221623
1068.0	0.487378207206257	-0.0052690888819233225
1069.0	0.487378207206257	-0.00551972692962502
1070.0	0.487378207206257	-0.00577036497732672
1071.0	0.487378207206257	-0.006021003025028419
1072.0	0.487378207206257	-0.0062716410727301185
1073.0	0.487378207206257	-0.006522279120431818
1074.0	0.487378207206257	-0.006772917168133517
1075.0	0.487378207206257	-0.007023555215835217
1076.0	0.487378207206257	-0.0072741932635369145
1077.0	0.487378207206257	-0.007524831311238614
1078.0	0.487378207206257	-0.007775469358940313
1079.0	0.487378207206257	-0.008026107406642013
1080.0	0.487378207206257	-0.008276745454343712
1081.0	0.487378207206257	-0.008527383502045412
1082.0	0.487378207206257	-0.008778021549747111
1083.0	0.487378207206257	-0.00902865959744881
1084.0	0.487378207206257	-0.009279297645150512
1085.0	0.487378207206257	-0.009529935692852208
1086.0	0.487378207206257	-0.00978057374055391
1087.0	0.487378207206257	-0.010031211788255607
1088.0	0.487378207206257	-0.010281849835957304
1089.0	0.487378207206257	-0.010532487883659007
1090.0	0.487378207206257	-0.010783125931360703
1091.0	0.487378207206257	-0.011033763979062406
1092.0	0.487378207206257	-0.011284402026764102
1093.0	0.487378207206257	-0.011535040074465805
1094.0	0.487378207206257	-0.011785678122167503
1095.0	0.487378207206257	-0.012036316169869204
1096.0	0.487378207206257	-0.012286954217570902
1097.0	0.487378207206257	-0.012537592265272597
1098.0	0.487378207206257	-0.0127882303129743
1099.0	0.487378207206257	-0.013038868360675998
