350.0	0.0427371548124324	0.0029634014006740743
351.0	0.04371698081118445	0.0030798982555772557
352.0	0.045666883377104076	0.003196395110480437
353.0	0.04856765370716733	0.0033128919653836186
354.0	0.052391189411939015	0.0034293888202868005
355.0	0.05710130834354603	0.0035458856751899815
356.0	0.06265477132778757	0.0036623825300931634
357.0	0.06900246583040952	0.003778879384996345
358.0	0.07609069689234389	0.0038953762398995263
359.0	0.08386252935727648	0.004011873094802707
360.0	0.09225912646270426	0.004128369949705889
361.0	0.10065572356813207	0.004244866804609071
362.0	0.10905232067355988	0.004361363659512252
363.0	0.11744891777898768	0.004477860514415434
364.0	0.12584551488441548	0.004594357369318615
365.0	0.13424211198984326	0.004710854224221797
366.0	0.1426387090952711	0.004827351079124978
367.0	0.15103530620069888	0.00494384793402816
368.0	0.1594319033061267	0.005060344788931341
369.0	0.16782850041155448	0.005176841643834523
370.0	0.1762250975169823	0.005293338498737704
371.0	0.18478431379311774	0.005409835353640886
372.0	0.1935214637838789	0.0055263322085440676
373.0	0.2024513670665976	0.005642829063447249
374.0	0.21158799983190435	0.0057593259183504305
375.0	0.22094414551707148	0.0058758227732536115
376.0	0.23053105879016894	0.005992319628156793
377.0	0.2403581574551187	0.006108816483059975
378.0	0.2504327562460921	0.006225313337963156
379.0	0.2607598549972916	0.006341810192866337
380.0	0.2713419913755062	0.006458307047769519
381.0	0.28217916538073584	0.006396996851303909
382.0	0.2932688393461915	0.006335686654838298
383.0	0.3046060134376709	0.006274376458372688
384.0	0.3161833729210025	0.006213066261907077
385.0	0.32799149999226457	0.006151756065441468
386.0	0.340019139983387	0.006090445868975857
387.0	0.35225350945709744	0.006029135672510247
388.0	0.36468063222276537	0.005967825476044636
389.0	0.3772856887030591	0.005906515279579026
390.0	0.39005336435406046	0.0058452050831134155
391.0	0.4026256416833462	0.005783894886647805
392.0	0.41498411919393163	0.0057225846901821946
393.0	0.4271109901258478	0.005661274493716584
394.0	0.43898946110730885	0.005599964297250974
395.0	0.45060417194321656	0.005538654100785363
396.0	0.46194159936172813	0.005477343904319754
397.0	0.47299042721190887	0.005416033707854142
398.0	0.4837418663284062	0.005354723511388533
399.0	0.4941899090602907	0.005293413314922922
400.0	0.5043315062232044	0.005232103118457312
401.0	0.5141666578171473	0.00518268369651756
402.0	0.5236984130264775	0.005133264274577809
403.0	0.5329327795021241	0.005083844852638057
404.0	0.54187854640944	0.005034425430698305
405.0	0.5505470298993598	0.004985006008758553
406.0	0.5589517532437261	0.0049355865868188015
407.0	0.5671080766376375	0.00488616716487905
408.0	0.5750327934528794	0.004836747742939298
409.0	0.5827437104494211	0.004787328320999547
410.0	0.5902592291242472	0.004737908899059794
411.0	0.5977680229936373	0.004688489477120043
412.0	0.6052694587538566	0.004639070055180291
413.0	0.6127629235695684	0.00458965063324054
414.0	0.6202478394820836	0.004540231211300788
415.0	0.6277236778567519	0.0044908117893610365
416.0	0.6351899732782554	0.004441392367421285
417.0	0.6426463362912875	0.0043919729454815325
418.0	0.650092464408977	0.004342553523541781
419.0	0.657528150872723	0.004293134101602029
420.0	0.6649532907421588	0.004243714679662278
421.0	0.6723678840172842	0.00424087986915626
422.0	0.6797720356384662	0.004238045058650243
423.0	0.6871659523643057	0.004235210248144225
424.0	0.6945499366816736	0.004232375437638208
425.0	0.7019243780458769	0.00422954062713219
426.0	0.7092897418722333	0.004226705816626173
427.0	0.7166465567953929	0.004223871006120155
428.0	0.7239954007740452	0.004221036195614138
429.0	0.7313368866435266	0.00421820138510812
430.0	0.7386716477075719	0.004215366574602103
431.0	0.7459771262162005	0.004212531764096085
432.0	0.7532505645057309	0.004209696953590068
433.0	0.7604892940402668	0.00420686214308405
434.0	0.7676907981511094	0.004204027332578033
435.0	0.7748527749466146	0.004201192522072015
436.0	0.781973197817988	0.004198357711565998
437.0	0.7890503709174148	0.00419552290105998
438.0	0.7960829770932469	0.004192688090553963
439.0	0.8030701160339069	0.004189853280047945
440.0	0.8100113307860846	0.004187018469541928
441.0	0.8169066213497795	0.0041475908667861685
442.0	0.8237564446783026	0.00410816326403041
443.0	0.8305617010832308	0.004068735661274651
444.0	0.8373237077162126	0.0040293080585188925
445.0	0.8440441604250625	0.003989880455763133
446.0	0.8507250858185749	0.003950452853007375
447.0	0.8573687857883943	0.003911025250251616
448.0	0.8639777770032189	0.003871597647495857
449.0	0.8705547279989455	0.003832170044740098
450.0	0.8771023964392551	0.0037927424419843393
451.0	0.88360277299133	0.0037533148392285805
452.0	0.8900514039754704	0.0037138872364728217
453.0	0.8964439796550578	0.003674459633717063
454.0	0.9027764355619098	0.003635032030961304
455.0	0.9090450540969008	0.0035956044282055453
456.0	0.9152465622479862	0.003556176825449786
457.0	0.921378221188442	0.0035167492226940277
458.0	0.9274379036931121	0.0034773216199382685
459.0	0.9334241557415426	0.0034378940171825097
460.0	0.9393362393453796	0.003398466414426751
461.0	0.945174154504623	0.003421462573792495
462.0	0.9509386392076271	0.0034444587331582386
463.0	0.9566311474748451	0.0034674548925239827
464.0	0.9622538065314339	0.0034904510518897263
465.0	0.9678093552041169	0.0035134472112554704
466.0	0.9733010665049391	0.0035364433706212145
467.0	0.9787326580330256	0.003559439529986958
468.0	0.9841081942565593	0.0035824356893527022
469.0	0.9894319849121584	0.003605431848718446
470.0	0.9947084836795226	0.00362842800808419
471.0	0.999949503893859	0.003651424167449934
472.0	1.0051517043878488	0.0036744203268156777
473.0	1.010311851980817	0.0036974164861814218
474.0	1.0154268974933935	0.0037204126455471654
475.0	1.020494051968685	0.0037434088049129095
476.0	1.0255108599807032	0.0037664049642786536
477.0	1.0304752668513046	0.003789401123644397
478.0	1.0353856767281484	0.0038123972830101413
479.0	1.040240998799603	0.003835393442375885
480.0	1.0450406794240203	0.003858389601741629
481.0	1.0497847186014004	0.003952541517163794
482.0	1.0544736699733912	0.004046693432585959
483.0	1.0591086243516243	0.004140845348008124
484.0	1.0636911775884408	0.004234997263430289
485.0	1.0682233843619837	0.004329149178852454
486.0	1.0727077000982417	0.004423301094274619
487.0	1.0771469137541083	0.004517453009696784
488.0	1.081544074508953	0.0046116049251189485
489.0	1.0859024155434516	0.0047057568405411134
490.0	1.0902252780249218	0.004799908755963278
491.0	1.0945235470156893	0.004894060671385443
492.0	1.0987949064413831	0.004988212586807608
493.0	1.103037115083236	0.005082364502229773
494.0	1.1072480592709297	0.005176516417651938
495.0	1.1114258057185888	0.005270668333074103
496.0	1.1155686523416855	0.005364820248496268
497.0	1.119675174851359	0.005458972163918433
498.0	1.1237442670136648	0.005553124079340598
499.0	1.1277751726854277	0.005647275994762763
500.0	1.1317675080860377	0.005741427910184928
501.0	1.1357212732154947	0.005913772259933727
502.0	1.139636851854409	0.006086116609682525
503.0	1.1435150001459555	0.006258460959431324
504.0	1.147356824324079	0.006430805309180122
505.0	1.1511637486776396	0.006603149658928921
506.0	1.154937475291166	0.00677549400867772
507.0	1.158679937450533	0.006947838358426518
508.0	1.162393248826059	0.007120182708175317
509.0	1.1660796506365119	0.007292527057924115
510.0	1.1697414589562616	0.007464871407672914
511.0	1.1733682618668684	0.007637215757421713
512.0	1.1769567627590005	0.007809560107170511
513.0	1.1805037715698536	0.00798190445691931
514.0	1.184006279784077	0.008154248806668108
515.0	1.1874615356384561	0.008326593156416907
516.0	1.1908671164526956	0.008498937506165706
517.0	1.1942209949499492	0.008671281855914505
518.0	1.1975215965602484	0.008843626205663303
519.0	1.2007678450190848	0.009015970555412102
520.0	1.2039591940682048	0.0091883149051609
521.0	1.2070956437076075	0.009265828732635631
522.0	1.2101777401955476	0.009343342560110362
523.0	1.2132065597965336	0.009420856387585094
524.0	1.2161836770805337	0.009498370215059825
525.0	1.2191111193243938	0.009575884042534556
526.0	1.2219913092084098	0.009653397870009286
527.0	1.2248269984957965	0.009730911697484017
528.0	1.2276211957019034	0.00980842552495875
529.0	1.2303770908895362	0.00988593935243348
530.0	1.2330979806680258	0.00996345317990821
531.0	1.2357804134704815	0.010040967007382941
532.0	1.2384207676387313	0.010118480834857672
533.0	1.2410155385667214	0.010195994662332404
534.0	1.2435614210966035	0.010273508489807135
535.0	1.2460553921386737	0.010351022317281865
536.0	1.2484947901340364	0.010428536144756596
537.0	1.2508773879144064	0.010506049972231327
538.0	1.2532014556557072	0.010583563799706059
539.0	1.255465810972717	0.01066107762718079
540.0	1.257669853745596	0.01073859145465552
541.0	1.2598135839743434	0.010789518345347459
542.0	1.2618976017788006	0.010840445236039397
543.0	1.2639230895441886	0.010891372126731337
544.0	1.2658917770945832	0.010942299017423275
545.0	1.2678058915982708	0.010993225908115214
546.0	1.2696680946141463	0.011044152798807152
547.0	1.2714814092319142	0.01109507968949909
548.0	1.2732491406094222	0.01114600658019103
549.0	1.274974793352724	0.011196933470882969
550.0	1.276661989119992	0.011247860361574907
551.0	1.2783055103717564	0.011298787252266846
552.0	1.2799012440918038	0.011349714142958784
553.0	1.281445210196746	0.011400641033650724
554.0	1.2829336551109636	0.011451567924342662
555.0	1.284363145595762	0.0115024948150346
556.0	1.2857306589929092	0.01155342170572654
557.0	1.2870336659694752	0.011604348596418478
558.0	1.2882702020124852	0.011655275487110418
559.0	1.2894389243200077	0.011706202377802356
560.0	1.2905391513526707	0.011757129268494294
561.0	1.2915708831104744	0.011668141928193612
562.0	1.292534801132791	0.011579154587892928
563.0	1.2934322482215506	0.011490167247592246
564.0	1.2942651888897299	0.011401179907291564
565.0	1.2950361524702576	0.01131219256699088
566.0	1.2957481616213662	0.011223205226690198
567.0	1.2964046495817505	0.011134217886389516
568.0	1.2970093699270295	0.011045230546088832
569.0	1.297566302740591	0.01095624320578815
570.0	1.2980795610386493	0.010867255865487466
571.0	1.2985718071891723	0.010778268525186784
572.0	1.299041062388217	0.010689281184886101
573.0	1.299485411786851	0.010600293844585417
574.0	1.299903049510785	0.010511306504284735
575.0	1.3002923238023025	0.010422319163984053
576.0	1.3006517804371263	0.01033333182368337
577.0	1.3009802025336026	0.010244344483382687
578.0	1.301276644949329	0.010155357143082005
579.0	1.301540461651901	0.010066369802781321
580.0	1.3017713247474505	0.009977382462480639
581.0	1.3019692342359774	0.009877301179167021
582.0	1.3021345180113495	0.009777219895853406
583.0	1.302267822105972	0.009677138612539788
584.0	1.302370091662247	0.00957705732922617
585.0	1.302442543561828	0.009476976045912555
586.0	1.3024866320289932	0.009376894762598937
587.0	1.3025040088214577	0.00927681347928532
588.0	1.3024964798135117	0.009176732195971704
589.0	1.3024659598540875	0.009076650912658087
590.0	1.3024144277471277	0.008976569629344469
591.0	1.3023469780700874	0.008876488346030853
592.0	1.3022621117972049	0.008776407062717236
593.0	1.3021583783512842	0.00867632577940362
594.0	1.302034409707923	0.008576244496090003
595.0	1.3018889545923926	0.008476163212776385
596.0	1.3017209113697077	0.00837608192946277
597.0	1.3015293582017275	0.008276000646149152
598.0	1.3013135791040253	0.008175919362835534
599.0	1.301073084680357	0.008075838079521919
600.0	1.3008076265375672	0.007975756796208301
601.0	1.300517204675656	0.00788421182888095
602.0	1.3002020674877786	0.007792666861553599
603.0	1.2998627043701787	0.007701121894226247
604.0	1.2994998313072843	0.007609576926898895
605.0	1.299114370137235	0.007518031959571543
606.0	1.2987074224950168	0.0074264869922441926
607.0	1.2982802396553577	0.007334942024916841
608.0	1.2978341896426606	0.007243397057589489
609.0	1.2973707230341214	0.007151852090262138
610.0	1.2968913388555012	0.0070603071229347865
611.0	1.2964106106704272	0.006968762155607435
612.0	1.295928411908054	0.006877217188280084
613.0	1.2954446200883107	0.006785672220952732
614.0	1.2949591197015047	0.0066941272536253805
615.0	1.2944718050957498	0.00660258228629803
616.0	1.2939825832540501	0.006511037318970678
617.0	1.293491376340632	0.006419492351643326
618.0	1.29299812390106	0.0063279473843159744
619.0	1.292502784612965	0.006236402416988624
620.0	1.2920053375031713	0.006144857449661272
621.0	1.2915057825716785	0.006085237677612122
622.0	1.2910041407916626	0.006025617905562972
623.0	1.2905004534854931	0.005965998133513823
624.0	1.2899947811076045	0.005906378361464674
625.0	1.289487201493772	0.005846758589415524
626.0	1.2889778076609901	0.005787138817366375
627.0	1.2884667052611456	0.005727519045317225
628.0	1.287954009803931	0.005667899273268075
629.0	1.2874398437694172	0.005608279501218926
630.0	1.2869243337284495	0.005548659729169776
631.0	1.2863770436286879	0.005489039957120627
632.0	1.285794980605859	0.005429420185071477
633.0	1.2851752485251664	0.005369800413022327
634.0	1.2845151160717347	0.0053101806409731785
635.0	1.2838120850260348	0.005250560868924029
636.0	1.2830639559302073	0.005190941096874879
637.0	1.2822688882979132	0.005131321324825729
638.0	1.2814254526378988	0.005071701552776579
639.0	1.2805326718511902	0.0050120817807274304
640.0	1.2795900500110196	0.004952462008678281
641.0	1.2785975871173867	0.004940629972177335
642.0	1.2775557790970593	0.00492879793567639
643.0	1.2764656030490125	0.004916965899175445
644.0	1.275328488464498	0.004905133862674499
645.0	1.2741462758298567	0.004893301826173554
646.0	1.272921164602947	0.004881469789672609
647.0	1.271655653003298	0.0048696377531716635
648.0	1.2703524723457855	0.004857805716670718
649.0	1.2690145187652055	0.004845973680169773
650.0	1.267644785125832	0.004834141643668827
651.0	1.2662446064458377	0.004822309607167881
652.0	1.26481111558533	0.004810477570666936
653.0	1.2633415380704767	0.004798645534165991
654.0	1.2618332573236033	0.0047868134976650455
655.0	1.2602838800705012	0.0047749814611641
656.0	1.258691299248239	0.004763149424663155
657.0	1.2570537516857114	0.0047513173881622095
658.0	1.2553698679418008	0.004739485351661264
659.0	1.2536387119635508	0.004727653315160319
660.0	1.251859808657108	0.004715821278659374
661.0	1.2500331580224724	0.004713100513830501
662.0	1.2481592351534978	0.004710379749001629
663.0	1.2462389761031396	0.004707658984172756
664.0	1.2442737503125163	0.004704938219343884
665.0	1.2422653209527326	0.004702217454515011
666.0	1.2402157950867205	0.004699496689686139
667.0	1.2381275659886883	0.0046967759248572665
668.0	1.2360032502363103	0.004694055160028394
669.0	1.233845622303419	0.004691334395199522
670.0	1.2316575493299071	0.004688613630370649
671.0	1.2294608772019586	0.004685892865541777
672.0	1.2272547961003637	0.004683172100712904
673.0	1.2250385223792977	0.004680451335884032
674.0	1.2228113169904606	0.0046777305710551595
675.0	1.2205725039572692	0.004675009806226287
676.0	1.2183214881430713	0.004672289041397415
677.0	1.2160577715429266	0.004669568276568542
678.0	1.2137809673603184	0.00466684751173967
679.0	1.2114908112085432	0.004664126746910797
680.0	1.2091871688980795	0.004661405982081925
681.0	1.2068700404289285	0.004587628647385133
682.0	1.2045395599906097	0.0045138513126883415
683.0	1.2021959919698277	0.004440073977991551
684.0	1.1998397231630986	0.004366296643294759
685.0	1.1974712515753634	0.004292519308597967
686.0	1.1950911723432736	0.0042187419739011765
687.0	1.1927001614434127	0.004144964639204385
688.0	1.1902989579240808	0.004071187304507593
689.0	1.1878883454311024	0.0039974099698108015
690.0	1.1854691337836873	0.00392363263511401
691.0	1.1830413661358015	0.003849855300417219
692.0	1.1806042367322291	0.0037760779657204273
693.0	1.1781569658597906	0.0037023006310236356
694.0	1.1756988181790236	0.0036285232963268444
695.0	1.1732291211056634	0.003554745961630053
696.0	1.1707472824896894	0.0034809686269332615
697.0	1.1682528068253473	0.00340719129223647
698.0	1.1657453092572192	0.0033334139575396785
699.0	1.163224526725398	0.0032596366228428873
700.0	1.1606903257137793	0.0031858592881460956
701.0	1.1581427062223635	0.0031959946513943583
702.0	1.155581801767255	0.0032061300146426215
703.0	1.1530078754083597	0.0032162653778908842
704.0	1.150421312001097	0.003226400741139147
705.0	1.1478226070512203	0.00323653610438741
706.0	1.1452123527087505	0.003246671467635673
707.0	1.142591221557952	0.0032568068308839355
708.0	1.1399599489382874	0.0032669421941321987
709.0	1.1373193145629363	0.0032770775573804614
710.0	1.1346701241871142	0.0032872129206287246
711.0	1.132001236416758	0.0032973482838769873
712.0	1.1293107962638458	0.00330748364712525
713.0	1.1265970086936337	0.003317619010373513
714.0	1.1238581808273553	0.003327754373621776
715.0	1.1210927642595787	0.0033378897368700386
716.0	1.118299395758426	0.003348025100118302
717.0	1.1154769345838564	0.0033581604633665645
718.0	1.1126244947320592	0.0033682958266148273
719.0	1.1097414705935822	0.0033784311898630904
720.0	1.1068275547912343	0.003388566553111353
721.0	1.1038827473250157	0.0034260064311961128
722.0	1.100907355572117	0.0034634463092808724
723.0	1.097901985141991	0.003500886187365632
724.0	1.0948675220384478	0.0035383260654503913
725.0	1.0918051070015289	0.003575765943535151
726.0	1.0887161032631114	0.0036132058216199105
727.0	1.085602059228628	0.00365064569970467
728.0	1.0824646677768446	0.00368808557778943
729.0	1.0793057239425052	0.0037255254558741895
730.0	1.0761270827136313	0.003762965333958949
731.0	1.0729287244345895	0.0038004052120437083
732.0	1.0697087922663036	0.003837845090128468
733.0	1.0664654893827996	0.0038752849682132276
734.0	1.0631971212160227	0.003912724846297987
735.0	1.0599021378154174	0.003950164724382746
736.0	1.0565791745887647	0.003987604602467506
737.0	1.0532270896577018	0.004025044480552266
738.0	1.049844996134293	0.004062484358637025
739.0	1.0464322878047612	0.004099924236721785
740.0	1.0429886569851887	0.004137364114806545
741.0	1.0395141036755757	0.004237526065156802
742.0	1.0360089355598392	0.004337688015507059
743.0	1.032473758851757	0.004437849965857317
744.0	1.0289094604392646	0.004538011916207574
745.0	1.025317182200725	0.004638173866557831
746.0	1.0216982887283568	0.0047383358169080896
747.0	1.0180543299727156	0.004838497767258347
748.0	1.0143870005018565	0.004938659717608604
749.0	1.0106980971417532	0.005038821667958862
750.0	1.0069894767314822	0.005138983618309119
751.0	1.0032644647106126	0.005239145568659376
752.0	0.9995215174109582	0.005339307519009634
753.0	0.9957591410557406	0.005439469469359891
754.0	0.9919759268794778	0.005539631419710148
755.0	0.9881705863432786	0.0056397933700604065
756.0	0.9843419850044103	0.005739955320410663
757.0	0.9804891735715078	0.005840117270760921
758.0	0.9766114147374401	0.0059402792211111785
759.0	0.9727082045312734	0.006040441171461436
760.0	0.9687792871624659	0.006140603121811693
761.0	0.9648246626310171	0.006236275266894289
762.0	0.9608445867274699	0.006331947411976885
763.0	0.9568395634227573	0.006427619557059481
764.0	0.9528103300240105	0.006523291702142077
765.0	0.9487578358225945	0.006618963847224673
766.0	0.9446832152612423	0.0067146359923072685
767.0	0.9405877568788447	0.006810308137389864
768.0	0.9364728694408841	0.00690598028247246
769.0	0.9323400467241384	0.007001652427555056
770.0	0.9281908323967945	0.007097324572637653
771.0	0.9240662737273231	0.007192996717720248
772.0	0.9199686926446438	0.007288668862802845
773.0	0.9159003360328528	0.00738434100788544
774.0	0.9118633229051831	0.0074800131529680364
775.0	0.9078595914344489	0.007575685298050632
776.0	0.9038908480076912	0.007671357443133228
777.0	0.8999585205140714	0.007767029588215824
778.0	0.8960637179838622	0.00786270173329842
779.0	0.8922071984716085	0.007958373878381015
780.0	0.8883893467280376	0.008054046023463612
781.0	0.8846101627531493	0.00786214091671882
782.0	0.8808692617962168	0.007670235809974029
783.0	0.877165885802695	0.007478330703229237
784.0	0.873498925742311	0.007286425596484446
785.0	0.8698669537259032	0.007094520489739655
786.0	0.8662682633664311	0.006902615382994863
787.0	0.8627009164910799	0.006710710276250071
788.0	0.8591627940866178	0.00651880516950528
789.0	0.8556516492689475	0.006326900062760489
790.0	0.8521651601091496	0.0061349949560156975
791.0	0.8486697990845065	0.005943089849270906
792.0	0.8451647306935011	0.005751184742526115
793.0	0.8416491464380547	0.005559279635781324
794.0	0.838122283831962	0.005367374529036532
795.0	0.8345834454609684	0.00517546942229174
796.0	0.8310320173144774	0.004983564315546949
797.0	0.8274674855940041	0.004791659208802158
798.0	0.8238894512363097	0.004599754102057366
799.0	0.8202976414700285	0.004407848995312574
800.0	0.8166919178500027	0.004215943888567783
801.0	0.8130722803762321	0.004170631763201284
802.0	0.8094388674938746	0.004125319637834784
803.0	0.8057919519742962	0.004080007512468285
804.0	0.8021319328807355	0.004034695387101785
805.0	0.7984593240116773	0.003989383261735285
806.0	0.7947747393777185	0.0039440711363687864
807.0	0.7910788763931131	0.0038987590110022867
808.0	0.7873724975440667	0.003853446885635787
809.0	0.7836564113286579	0.003808134760269287
810.0	0.7799314532484043	0.0037628226349027878
811.0	0.7761996600864798	0.0037175105095362884
812.0	0.7724603881539642	0.0036721983841697886
813.0	0.7687130145659852	0.003626886258803289
814.0	0.7649569518862402	0.0035815741334367895
815.0	0.7611916628113014	0.00353626200807029
816.0	0.7574166742937718	0.0034909498827037904
817.0	0.7536315904918901	0.0034456377573372906
818.0	0.7498361039584762	0.0034003256319707913
819.0	0.746030004544413	0.003355013506604292
820.0	0.742213185588477	0.003309701381237792
821.0	0.7383856470906681	0.0032945255987731105
822.0	0.7345474957122101	0.003279349816308429
823.0	0.7306989416022198	0.0032641740338437467
824.0	0.7268402922078774	0.003248998251379065
825.0	0.7229719433709441	0.0032338224689143834
826.0	0.7190943681388173	0.0032186466864497013
827.0	0.7152081038149242	0.0032034709039850196
828.0	0.7113137378355678	0.003188295121520338
829.0	0.7074118930856204	0.0031731193390556562
830.0	0.7035032132540021	0.0031579435565909746
831.0	0.69960732216954	0.0031427677741262925
832.0	0.6957254242033373	0.0031275919916616108
833.0	0.691858684801181	0.003112416209196929
834.0	0.6880082030829804	0.003097240426732247
835.0	0.6841749843677667	0.0030820646442675653
836.0	0.6803599137486293	0.0030668888618028836
837.0	0.6765637318634194	0.003051713079338202
838.0	0.6727870139597258	0.0030365372968735203
839.0	0.6690301532360574	0.003021361514408838
840.0	0.665293349260391	0.0030061857319441565
841.0	0.661576602032727	0.002978424951668644
842.0	0.6578797119850879	0.002950664171393131
843.0	0.654202285918965	0.0029229033911176185
844.0	0.6505437485867698	0.0028951426108421055
845.0	0.6469033593506508	0.002867381830566593
846.0	0.6432802331175186	0.0028396210502910804
847.0	0.6396733645683423	0.0028118602700155674
848.0	0.6360816545832125	0.002784099489740055
849.0	0.632503937716342	0.002756338709464542
850.0	0.6289390095966274	0.0027285779291890294
851.0	0.6253699455453513	0.002700817148913517
852.0	0.6217963560641215	0.002673056368638004
853.0	0.618217864243147	0.0026452955883624913
854.0	0.6146341146226891	0.0026175348080869783
855.0	0.6110447820785854	0.002589774027811466
856.0	0.6074495803682193	0.0025620132475359532
857.0	0.6038482699663721	0.0025342524672604403
858.0	0.6002406648356915	0.0025064916869849277
859.0	0.59662663781422	0.002478730906709415
860.0	0.5930061243608824	0.002450970126433902
861.0	0.5893791244756782	0.0024448856937202973
862.0	0.5857457026996832	0.0024388012610066924
863.0	0.5821059861948549	0.0024327168282930875
864.0	0.5784601609985454	0.0024266323955794825
865.0	0.5748084666359736	0.0024205479628658776
866.0	0.5711511893497558	0.0024144635301522727
867.0	0.5674886542640548	0.002408379097438668
868.0	0.5638212168386092	0.002402294664725063
869.0	0.5601492539832096	0.002396210232011458
870.0	0.5564731551962487	0.0023901257992978535
871.0	0.5527757815447587	0.0023840413665842486
872.0	0.5490551294836121	0.0023779569338706437
873.0	0.5453092602223284	0.0023718725011570387
874.0	0.5415363453075892	0.002365788068443434
875.0	0.5377347123295859	0.002359703635729829
876.0	0.533902888881729	0.002353619203016224
877.0	0.5300396428675707	0.002347534770302619
878.0	0.5261440173274983	0.002341450337589014
879.0	0.5222153581516993	0.0023353659048754092
880.0	0.5182533333466153	0.0023292814721618043
881.0	0.5142579429122458	0.0023762062304498155
882.0	0.5102295188421498	0.0024231309887378268
883.0	0.50616871524614	0.002470055747025838
884.0	0.5020764890838287	0.002516980505313849
885.0	0.49795407245166373	0.0025639052636018604
886.0	0.49380293775623474	0.0026108300218898716
887.0	0.4896247574073502	0.002657754780177883
888.0	0.48542135985832846	0.002704679538465894
889.0	0.48119468389965003	0.0027516042967539052
890.0	0.47694673307644286	0.0027985290550419165
891.0	0.47271690597925764	0.0028454538133299277
892.0	0.4685069093970107	0.002892378571617939
893.0	0.4643183949551416	0.00293930332990595
894.0	0.46015292028457866	0.0029862280881939613
895.0	0.4560119100852128	0.0030331528464819725
896.0	0.4518966186773043	0.0030800776047699837
897.0	0.44780809566464397	0.003127002363057995
898.0	0.44374715626623373	0.003173927121346006
899.0	0.4397143577080441	0.0032208518796340174
900.0	0.43570998281022144	0.0032677766379220286
901.0	0.4317340315727656	0.0032508089271954042
902.0	0.42778622117553045	0.00323384121646878
903.0	0.42386599439254546	0.0032168735057421555
904.0	0.41997253600480855	0.003199905795015531
905.0	0.4161047964085291	0.0031829380842889068
906.0	0.4122615212834466	0.0031659703735622824
907.0	0.40844128592967033	0.003149002662835658
908.0	0.40464253271627193	0.0031320349521090337
909.0	0.4008636100178117	0.0031150672413824093
910.0	0.3971028110453735	0.003098099530655785
911.0	0.3933755016642973	0.00308113181992916
912.0	0.38968483573286095	0.0030641641092025358
913.0	0.3860338651765345	0.0030471963984759114
914.0	0.3824254682347715	0.003030228687749287
915.0	0.37886227751287044	0.0030132609770226627
916.0	0.3753466107832867	0.0029962932662960383
917.0	0.3718804075369393	0.002979325555569414
918.0	0.368465174161158	0.0029623578448427896
919.0	0.36510194031562937	0.002945390134116165
920.0	0.36179122860432067	0.002928422423389541
921.0	0.35853303902723177	0.0029113906208887244
922.0	0.3553268489803954	0.0028943588183879074
923.0	0.3521716288041252	0.002877327015887091
924.0	0.3490658721110915	0.0028602952133862745
925.0	0.34600763941037505	0.002843263410885458
926.0	0.3429946129295206	0.002826231608384641
927.0	0.34002416006322944	0.0028091998058838246
928.0	0.33709340257204823	0.002792168003383008
929.0	0.33419928853050695	0.002775136200882191
930.0	0.3313386640803275	0.0027581043983813747
931.0	0.32847545234961956	0.0027410725958805582
932.0	0.3256094096830924	0.0027240407933797413
933.0	0.3227403003004027	0.002707008990878925
934.0	0.3198679018395394	0.0026899771883781083
935.0	0.31699201091526685	0.0026729453858772914
936.0	0.314112448465157	0.002655913583376475
937.0	0.3112290646513979	0.0026388817808756584
938.0	0.30834174309614054	0.002621849978374842
939.0	0.30545040425173003	0.002604818175874025
940.0	0.3025550077437392	0.0025877863733732086
941.0	0.2996555535721679	0.0025646509263436736
942.0	0.29675208211144344	0.0025415154793141386
943.0	0.2938446729092208	0.0025183800322846036
944.0	0.29093344234334895	0.0024952445852550686
945.0	0.28801854025163975	0.0024721091382255336
946.0	0.2851001456965213	0.002448973691195998
947.0	0.28217846206322916	0.002425838244166463
948.0	0.2792537117137746	0.002402702797136928
949.0	0.27632613042850096	0.002379567350107393
950.0	0.27339596186269854	0.002356431903077858
951.0	0.27047147003924377	0.002333296456048323
952.0	0.2675531895612808	0.002310161009018788
953.0	0.2646416377535622	0.002287025561989253
954.0	0.2617373024997296	0.002263890114959718
955.0	0.25884063004655306	0.0022407546679301827
956.0	0.25595201327422373	0.0022176192209006477
957.0	0.25307178094131355	0.0021944837738711127
958.0	0.2502001883920176	0.0021713483268415777
959.0	0.24733741016154223	0.0021482128798120427
960.0	0.2444835348352645	0.0021250774327825077
961.0	0.24163856241318438	0.0021143946226381055
962.0	0.23880240430992486	0.002103711812493703
963.0	0.23597488599027952	0.0020930290023493
964.0	0.2331557521100534	0.002082346192204898
965.0	0.23034467391067445	0.0020716633820604957
966.0	0.22754125851195162	0.002060980571916093
967.0	0.22474505966711478	0.0020502977617716904
968.0	0.22195558949252217	0.002039614951627288
969.0	0.2191723306634215	0.002028932141482886
970.0	0.2163947485766684	0.0020182493313384833
971.0	0.21363992559014033	0.0020075665211940806
972.0	0.21091000502579874	0.0019968837110496784
973.0	0.20820706093336552	0.001986200900905276
974.0	0.20553304932775546	0.0019755180907608735
975.0	0.20288975929403663	0.001964835280616471
976.0	0.20027876596088234	0.0019541524704720687
977.0	0.19770138738164642	0.0019434696603276662
978.0	0.19515864727799342	0.0019327868501832638
979.0	0.19265124539354672	0.0019221040400388613
980.0	0.19017953688331363	0.001911421229894459
981.0	0.18774352174729425	0.001900646767437777
982.0	0.18534284483048102	0.001889872304981095
983.0	0.1829768063892508	0.001879097842524413
984.0	0.18064438270193897	0.001868323380067731
985.0	0.17834425571519166	0.001857548917611049
986.0	0.17607485030033557	0.0018467744551543671
987.0	0.17383437737230262	0.0018359999926976852
988.0	0.17162088091617805	0.0018252255302410032
989.0	0.16943228688224002	0.0018144510677843213
990.0	0.16726645194852696	0.0018036766053276393
991.0	0.1651093169587842	0.0017929021428709571
992.0	0.16296170122400344	0.0017821276804142754
993.0	0.16082439757501688	0.0017713532179575932
994.0	0.1586981537224104	0.0017605787555009112
995.0	0.15658365356579762	0.0017498042930442293
996.0	0.1544814992173477	0.0017390298305875473
997.0	0.15239219451904978	0.0017282553681308654
998.0	0.15031613080101064	0.0017174809056741834
999.0	0.14825357554877486	0.0017067064432175014
1000.0	0.14620466452468078	0.0016959319807608195
1001.0	0.14416939772872842	0.0016865594035581119
1002.0	0.14214763939857938	0.0016771868263554045
1003.0	0.14013912204868914	0.0016678142491526968
1004.0	0.13814345434895092	0.0016584416719499892
1005.0	0.13616013245737552	0.0016490690947472816
1006.0	0.13418855426179382	0.001639696517544574
1007.0	0.13222803586259224	0.0016303239403418666
1008.0	0.13027782954918485	0.001620951363139159
1009.0	0.1283371424907394	0.0016115787859364513
1010.0	0.12640515537626434	0.001602206208733744
1011.0	0.1245450448339208	0.0015928336315310363
1012.0	0.12276357978840455	0.0015834610543283287
1013.0	0.12106731039253218	0.001574088477125621
1014.0	0.11946241402791008	0.0015647158999229135
1015.0	0.11795454088723822	0.001555343322720206
1016.0	0.11654866545758241	0.0015459707455174985
1017.0	0.1152489503444951	0.0015365981683147908
1018.0	0.11405862861094171	0.0015272255911120834
1019.0	0.1129799101497789	0.0015178530139093758
1020.0	0.11201391659254135	0.0015084804367066682
1021.0	0.11116064793922903	0.0014991078595039606
1022.0	0.11041898255830732	0.001489735282301253
1023.0	0.10978671055691952	0.0014803627050985456
1024.0	0.10926059887210021	0.001470990127895838
1025.0	0.10883648489829698	0.0014616175506931303
1026.0	0.10850939414844393	0.001452244973490423
1027.0	0.1082736764298412	0.0014428723962877153
1028.0	0.10812315436088232	0.0014334998190850077
1029.0	0.10805127778875073	0.0014241272418823
1030.0	0.10805127778875073	0.0014147546646795925
1031.0	0.10805127778875073	0.001405382087476885
1032.0	0.10805127778875073	0.0013960095102741774
1033.0	0.10805127778875073	0.0013866369330714698
1034.0	0.10805127778875073	0.0013772643558687624
1035.0	0.10805127778875073	0.0013678917786660548
1036.0	0.10805127778875073	0.0013585192014633472
1037.0	0.10805127778875073	0.0013491466242606396
1038.0	0.10805127778875073	0.001339774047057932
1039.0	0.10805127778875073	0.0013304014698552245
1040.0	0.10805127778875073	0.001321028892652517
1041.0	0.10805127778875073	0.0013116563154498093
1042.0	0.10805127778875073	0.001302283738247102
1043.0	0.10805127778875073	0.0012929111610443943
1044.0	0.10805127778875073	0.0012835385838416867
1045.0	0.10805127778875073	0.001274166006638979
1046.0	0.10805127778875073	0.0012647934294362714
1047.0	0.10805127778875073	0.001255420852233564
1048.0	0.10805127778875073	0.0012460482750308564
1049.0	0.10805127778875073	0.0012366756978281488
1050.0	0.10805127778875073	0.0012273031206254414
1051.0	0.10805127778875073	0.0012179305434227338
1052.0	0.10805127778875073	0.0012085579662200262
1053.0	0.10805127778875073	0.0011991853890173185
1054.0	0.10805127778875073	0.001189812811814611
1055.0	0.10805127778875073	0.0011804402346119035
1056.0	0.10805127778875073	0.001171067657409196
1057.0	0.10805127778875073	0.0011616950802064883
1058.0	0.10805127778875073	0.0011523225030037809
1059.0	0.10805127778875073	0.0011429499258010733
1060.0	0.10805127778875073	0.0011335773485983656
1061.0	0.10805127778875073	0.001124204771395658
1062.0	0.10805127778875073	0.0011148321941929504
1063.0	0.10805127778875073	0.001105459616990243
1064.0	0.10805127778875073	0.0010960870397875354
1065.0	0.10805127778875073	0.0010867144625848278
1066.0	0.10805127778875073	0.0010773418853821204
1067.0	0.10805127778875073	0.0010679693081794128
1068.0	0.10805127778875073	0.0010585967309767051
1069.0	0.10805127778875073	0.0010492241537739975
1070.0	0.10805127778875073	0.00103985157657129
1071.0	0.10805127778875073	0.0010304789993685825
1072.0	0.10805127778875073	0.0010211064221658749
1073.0	0.10805127778875073	0.0010117338449631673
1074.0	0.10805127778875073	0.0010023612677604599
1075.0	0.10805127778875073	0.0009929886905577522
1076.0	0.10805127778875073	0.0009836161133550446
1077.0	0.10805127778875073	0.000974243536152337
1078.0	0.10805127778875073	0.0009648709589496295
1079.0	0.10805127778875073	0.000955498381746922
1080.0	0.10805127778875073	0.0009461258045442144
1081.0	0.10805127778875073	0.0009367532273415068
1082.0	0.10805127778875073	0.0009273806501387992
1083.0	0.10805127778875073	0.0009180080729360917
1084.0	0.10805127778875073	0.0009086354957333841
1085.0	0.10805127778875073	0.0008992629185306765
1086.0	0.10805127778875073	0.000889890341327969
1087.0	0.10805127778875073	0.0008805177641252615
1088.0	0.10805127778875073	0.0008711451869225539
1089.0	0.10805127778875073	0.0008617726097198462
1090.0	0.10805127778875073	0.0008524000325171387
1091.0	0.10805127778875073	0.0008430274553144312
1092.0	0.10805127778875073	0.0008336548781117236
1093.0	0.10805127778875073	0.000824282300909016
1094.0	0.10805127778875073	0.0008149097237063085
1095.0	0.10805127778875073	0.000805537146503601
1096.0	0.10805127778875073	0.0007961645693008933
1097.0	0.10805127778875073	0.0007867919920981857
1098.0	0.10805127778875073	0.0007774194148954782
1099.0	0.10805127778875073	0.0007680468376927707
