350.0	0.006913150342649527	0.0024240492388356363
351.0	0.007152735454281582	0.002691523786950372
352.0	0.007629521765853732	0.0029589983350651076
353.0	0.008338812378913932	0.0032264728831798433
354.0	0.009273735752884024	0.003493947431294579
355.0	0.010425444700663125	0.003761421979409315
356.0	0.011783366465056625	0.004028896527524051
357.0	0.013335492146508077	0.004296371075638786
358.0	0.015068692360025891	0.004563845623753522
359.0	0.016969045434008477	0.0048313201718682575
360.0	0.019022164719877107	0.005098794719982994
361.0	0.02107528400574574	0.00536626926809773
362.0	0.02312840329161437	0.005633743816212465
363.0	0.025181522577483004	0.005901218364327201
364.0	0.027234641863351634	0.006168692912441936
365.0	0.029287761149220264	0.006436167460556672
366.0	0.0313408804350889	0.006703642008671408
367.0	0.03339399972095752	0.006971116556786144
368.0	0.03544711900682616	0.00723859110490088
369.0	0.03750023829269478	0.007506065653015615
370.0	0.03955335757856342	0.007773540201130351
371.0	0.04163882580772755	0.008041014749245087
372.0	0.04375968941875065	0.008308489297359823
373.0	0.04591889638919701	0.008575963845474557
374.0	0.04811922692632156	0.008843438393589295
375.0	0.05036322396946932	0.00911091294170403
376.0	0.05265312634827901	0.009378387489818766
377.0	0.05499080749503857	0.009645862037933502
378.0	0.05737772248985876	0.009913336586048236
379.0	0.05981486592244507	0.010180811134162974
380.0	0.062302742596989466	0.010448285682277708
381.0	0.06484135251349193	0.010574841951017558
382.0	0.06743019086776052	0.010701398219757408
383.0	0.07006826307008976	0.010827954488497257
384.0	0.07275411404036884	0.010954510757237105
385.0	0.07548587034630985	0.011081067025976955
386.0	0.07826129315827408	0.011207623294716805
387.0	0.08107783953691652	0.011334179563456654
388.0	0.08393272927498219	0.011460735832196504
389.0	0.08682301439490683	0.011587292100936354
390.0	0.08974564845812699	0.011713848369676202
391.0	0.09265336131028791	0.011840404638416051
392.0	0.09554474775702605	0.011966960907155901
393.0	0.09841844801990812	0.012093517175895751
394.0	0.10127317970590938	0.0122200734446356
395.0	0.10410776986374261	0.01234662971337545
396.0	0.10692118581517596	0.0124731859821153
397.0	0.10971256342445335	0.012599742250855148
398.0	0.11248123152413528	0.012726298519594998
399.0	0.11522673135169664	0.012852854788334847
400.0	0.11794883006213153	0.012979411057074697
401.0	0.1206475276554399	0.012818735913921768
402.0	0.12332305697662771	0.012658060770768836
403.0	0.12597587678822006	0.012497385627615907
404.0	0.12860665825765644	0.012336710484462977
405.0	0.13121626552069296	0.012176035341310046
406.0	0.13380573125556147	0.012015360198157117
407.0	0.13637622841354913	0.011854685055004187
408.0	0.13892903938768075	0.011694009911851256
409.0	0.1414655239563896	0.011533334768698326
410.0	0.14398708731403914	0.011372659625545397
411.0	0.1464572562550241	0.011211984482392466
412.0	0.1488711907469685	0.011051309339239536
413.0	0.15122420718750948	0.010890634196086605
414.0	0.15351188851953423	0.010729959052933676
415.0	0.15573019464556395	0.010569283909780746
416.0	0.15787556862272595	0.010408608766627817
417.0	0.15994503403356142	0.010247933623474885
418.0	0.1619362791180598	0.010087258480321956
419.0	0.1638477237208118	0.009926583337169025
420.0	0.16567856583364238	0.009765908194016095
421.0	0.1674288054565516	0.009754846299696213
422.0	0.16909924459771442	0.009743784405376332
423.0	0.17069146341254016	0.009732722511056452
424.0	0.17220777366103934	0.00972166061673657
425.0	0.17365115176067086	0.009710598722416688
426.0	0.1750251546543073	0.009699536828096806
427.0	0.17633382243942752	0.009688474933776925
428.0	0.1775815721731443	0.009677413039457045
429.0	0.1787730874578206	0.009666351145137163
430.0	0.17991320832583219	0.009655289250817281
431.0	0.18104055009478992	0.0096442273564974
432.0	0.18215390930219397	0.009633165462177518
433.0	0.18325212138149394	0.009622103567857638
434.0	0.18433408804197982	0.009611041673537756
435.0	0.18539880472305492	0.009599979779217874
436.0	0.18644538699936236	0.009588917884897992
437.0	0.18747309479180413	0.00957785599057811
438.0	0.18848135328677043	0.00956679409625823
439.0	0.18946976958238973	0.009555732201938349
440.0	0.1904381442612432	0.009544670307618467
441.0	0.19138647732333086	0.009497122664536735
442.0	0.19231496818607155	0.009449575021455001
443.0	0.19322400975133674	0.009402027378373269
444.0	0.1941141768327363	0.009354479735291535
445.0	0.19498620950936818	0.009306932092209803
446.0	0.19584099220658926	0.00925938444912807
447.0	0.19667952948499628	0.009211836806046337
448.0	0.1975029196352992	0.009164289162964604
449.0	0.1983123272240484	0.00911674151988287
450.0	0.19910895571374382	0.009069193876801138
451.0	0.19988239497869542	0.009021646233719406
452.0	0.2006304611902733	0.008974098590637672
453.0	0.20135104110126412	0.00892655094755594
454.0	0.20204214173000273	0.008879003304474206
455.0	0.20270194017948012	0.008831455661392474
456.0	0.20332883155264667	0.008783908018310742
457.0	0.20392147288624157	0.008736360375229008
458.0	0.20447882111127189	0.008688812732147276
459.0	0.2050001632596509	0.008641265089065542
460.0	0.20548513746429214	0.00859371744598381
461.0	0.20593374372519568	0.008572175090672502
462.0	0.20634634390944795	0.008550632735361193
463.0	0.20672365098513557	0.008529090380049885
464.0	0.2070667080212516	0.008507548024738576
465.0	0.20737685798105676	0.008486005669427268
466.0	0.20765570576160067	0.008464463314115961
467.0	0.2079050742598924	0.008442920958804652
468.0	0.20812695645759705	0.008421378603493344
469.0	0.208323465601928	0.008399836248182035
470.0	0.2084967855215152	0.008378293892870727
471.0	0.2086542512957938	0.00835675153755942
472.0	0.20879436987198552	0.00833520918224811
473.0	0.20891569645282942	0.008313666826936803
474.0	0.20901686846492074	0.008292124471625494
475.0	0.20909663961933056	0.008270582116314186
476.0	0.20915391267062228	0.008249039761002878
477.0	0.20918776945378975	0.00822749740569157
478.0	0.20919749683730032	0.008205955050380262
479.0	0.20918260737494684	0.008184412695068952
480.0	0.20914285366331536	0.008162870339757645
481.0	0.20907823570240586	0.008166663329735131
482.0	0.20898900089563233	0.008170456319712617
483.0	0.2088756366892019	0.008174249309690103
484.0	0.20873885621464722	0.00817804229966759
485.0	0.20857957763697443	0.008181835289645074
486.0	0.2083988982016202	0.00818562827962256
487.0	0.2081980641975133	0.008189421269600046
488.0	0.2079784381980586	0.008193214259577532
489.0	0.20774146500051707	0.008197007249555018
490.0	0.20748863765766695	0.008200800239532504
491.0	0.20726165140157712	0.00820459322950999
492.0	0.20706293979808343	0.008208386219487477
493.0	0.2068948577600902	0.008212179209464963
494.0	0.2067596261816844	0.008215972199442449
495.0	0.20665927642183934	0.008219765189419935
496.0	0.20659559690963628	0.00822355817939742
497.0	0.20657008418627126	0.008227351169374906
498.0	0.20658390060351087	0.008231144159352392
499.0	0.20663784066269741	0.008234937149329878
500.0	0.20673230761313655	0.008238730139307364
501.0	0.20686730145482812	0.008379219602184962
502.0	0.20704241893846673	0.008519709065062562
503.0	0.2072568655627099	0.008660198527940161
504.0	0.20750947897579114	0.00880068799081776
505.0	0.2077987626365144	0.008941177453695357
506.0	0.20812292811579838	0.009081666916572957
507.0	0.20847994405466982	0.009222156379450556
508.0	0.20886758955904167	0.009362645842328154
509.0	0.20928350971600965	0.009503135305205752
510.0	0.20972527095973797	0.009643624768083352
511.0	0.2101547658987339	0.009784114230960952
512.0	0.2105708393625355	0.00992460369383855
513.0	0.21097237351583004	0.010065093156716148
514.0	0.2113583141396559	0.010205582619593747
515.0	0.2117276969840023	0.010346072082471347
516.0	0.2120796731133618	0.010486561545348945
517.0	0.21241353214621958	0.010627051008226543
518.0	0.21272872233484513	0.010767540471104143
519.0	0.21302486654356828	0.010908029933981742
520.0	0.2133017733571086	0.01104851939685934
521.0	0.21355944277546612	0.011024310503519534
522.0	0.21379806621392122	0.011000101610179728
523.0	0.21401802080814408	0.010975892716839922
524.0	0.21421985830586526	0.010951683823500117
525.0	0.2144042890885995	0.010927474930160311
526.0	0.2145721620918543	0.010903266036820505
527.0	0.21472444156564044	0.010879057143480699
528.0	0.21486218172891947	0.010854848250140893
529.0	0.21498650041700423	0.010830639356801086
530.0	0.21509855280035656	0.010806430463461282
531.0	0.21511488842430265	0.010782221570121476
532.0	0.21502649323158685	0.01075801267678167
533.0	0.21482464449959415	0.010733803783441864
534.0	0.21450111591853477	0.010709594890102057
535.0	0.2140483832267583	0.010685385996762251
536.0	0.21345982198785185	0.010661177103422445
537.0	0.21272988893364975	0.01063696821008264
538.0	0.21185427865140288	0.010612759316742834
539.0	0.2108300482658935	0.010588550423403028
540.0	0.20965570412025164	0.010564341530063222
541.0	0.2083312462144774	0.010579479239645022
542.0	0.20685816820544053	0.010594616949226822
543.0	0.20523941296835904	0.010609754658808621
544.0	0.2034792859159818	0.010624892368390421
545.0	0.20158333031647468	0.01064003007797222
546.0	0.19955817060625036	0.01065516778755402
547.0	0.19741133104695943	0.01067030549713582
548.0	0.19515103794839156	0.01068544320671762
549.0	0.19278601403316184	0.01070058091629942
550.0	0.19032527335852584	0.01071571862588122
551.0	0.18795637832204232	0.010730856335463019
552.0	0.18568797842089568	0.010745994045044819
553.0	0.18352844360022375	0.010761131754626618
554.0	0.1814856674690139	0.010776269464208418
555.0	0.1795668699814016	0.010791407173790218
556.0	0.1777784076583712	0.010806544883372017
557.0	0.17612559957889395	0.010821682592953817
558.0	0.17461257702973598	0.010836820302535617
559.0	0.1732421638659261	0.010851958012117417
560.0	0.17201579333561487	0.010867095721699216
561.0	0.17093346543880222	0.010801151122804893
562.0	0.1699937469273377	0.010735206523910568
563.0	0.16919381394619243	0.010669261925016245
564.0	0.16852953520860028	0.010603317326121922
565.0	0.16799559163559008	0.010537372727227597
566.0	0.16758562670617747	0.010471428128333274
567.0	0.16729242046622686	0.010405483529438951
568.0	0.16710807930675095	0.010339538930544626
569.0	0.16702423328261198	0.010273594331650303
570.0	0.16703223289662547	0.01020764973275598
571.0	0.16703604144279374	0.010141705133861655
572.0	0.16703526423030451	0.010075760534967332
573.0	0.16702951932476612	0.010009815936073007
574.0	0.16701844652779058	0.009943871337178684
575.0	0.167001716380971	0.009877926738284361
576.0	0.16697903882577836	0.009811982139390036
577.0	0.1669501711438725	0.009746037540495713
578.0	0.1669149248178292	0.00968009294160139
579.0	0.16687317099048937	0.009614148342707065
580.0	0.16682484426037766	0.009548203743812742
581.0	0.16676994462749412	0.009449347550028539
582.0	0.16670853749331405	0.009350491356244337
583.0	0.16664075171499654	0.009251635162460133
584.0	0.16656677580996576	0.00915277896867593
585.0	0.16648685249656195	0.009053922774891728
586.0	0.1664012718333141	0.008955066581107524
587.0	0.16631036327862908	0.00885621038732332
588.0	0.16621448703089492	0.008757354193539119
589.0	0.1661140250245033	0.008658497999754915
590.0	0.16600937195026638	0.008559641805970712
591.0	0.1658928310468329	0.00846078561218651
592.0	0.16576328278640323	0.008361929418402306
593.0	0.16561964382435512	0.008263073224618103
594.0	0.1654608924695416	0.008164217030833901
595.0	0.16528609422378396	0.008065360837049698
596.0	0.16509442634539012	0.007966504643265494
597.0	0.16488520037159182	0.007867648449481292
598.0	0.16465788157877642	0.0077687922556970886
599.0	0.16441210446775495	0.007669936061912885
600.0	0.16414768352934528	0.007571079868128682
601.0	0.16386461876354746	0.007534687822006705
602.0	0.1635630956795435	0.0074982957758847266
603.0	0.16324347977652248	0.007461903729762749
604.0	0.162906305778097	0.007425511683640772
605.0	0.16255226214703533	0.007389119637518794
606.0	0.16218217162502957	0.007352727591396817
607.0	0.16179696871025834	0.0073163355452748385
608.0	0.16139767509386865	0.007279943499152861
609.0	0.1609853741204829	0.007243551453030884
610.0	0.16056118531790042	0.007207159406908905
611.0	0.1601310460518811	0.007170767360786928
612.0	0.15969439594179316	0.0071343753146649504
613.0	0.15925069271852588	0.007097983268542973
614.0	0.1587994249736705	0.0070615912224209956
615.0	0.1583401249433357	0.007025199176299017
616.0	0.15787238080343866	0.00698880713017704
617.0	0.15739584794333067	0.006952415084055062
618.0	0.15691025870663372	0.006916023037933084
619.0	0.15641543014240492	0.006879630991811107
620.0	0.1559112693938588	0.006843238945689129
621.0	0.15539777646099534	0.006820751929230729
622.0	0.15487504420060003	0.006798264912772328
623.0	0.15434325556361578	0.006775777896313928
624.0	0.15380267820642057	0.0067532908798555264
625.0	0.1532536567396631	0.006730803863397126
626.0	0.1526966029874262	0.0067083168469387255
627.0	0.15213198471360123	0.006685829830480325
628.0	0.15156031332659703	0.006663342814021925
629.0	0.15098213109552405	0.006640855797563524
630.0	0.15039799840101425	0.006618368781105123
631.0	0.14982108379498182	0.006595881764646722
632.0	0.14925206703573896	0.006573394748188322
633.0	0.1486916059117856	0.006550907731729921
634.0	0.14814032077667605	0.006528420715271521
635.0	0.14759877904187166	0.00650593369881312
636.0	0.1470674802621884	0.00648344668235472
637.0	0.14654684246055483	0.0064609596658963195
638.0	0.1460371903120889	0.006438472649437918
639.0	0.14553874574170572	0.006415985632979518
640.0	0.14505162138743763	0.006393498616521117
641.0	0.1445758172492846	0.006367667629593869
642.0	0.14411122068921428	0.0063418366426666204
643.0	0.14365760978231162	0.006316005655739372
644.0	0.14321465985345866	0.006290174668812123
645.0	0.1427819528797269	0.006264343681884874
646.0	0.1423589893063002	0.006238512694957626
647.0	0.14194520172171735	0.006212681708030378
648.0	0.14153996977242403	0.006186850721103129
649.0	0.1411426356699202	0.006161019734175881
650.0	0.1407525196558938	0.0061351887472486325
651.0	0.14036416534332652	0.006109357760321383
652.0	0.13997773863919144	0.006083526773394135
653.0	0.13959340008834242	0.0060576957864668865
654.0	0.1392113010989765	0.006031864799539638
655.0	0.13883158015784147	0.00600603381261239
656.0	0.13845435919007745	0.005980202825685141
657.0	0.13807974022153313	0.005954371838757893
658.0	0.13770780249488213	0.005928540851830644
659.0	0.1373386001748036	0.005902709864903395
660.0	0.1369721607525906	0.005876878877976147
661.0	0.13660848422824318	0.0058646827310627125
662.0	0.13624754311046827	0.005852486584149278
663.0	0.1358892832345866	0.005840290437235844
664.0	0.13553362535792468	0.00582809429032241
665.0	0.13518046745463375	0.005815898143408976
666.0	0.13482968759957373	0.005803701996495541
667.0	0.13448114730599678	0.005791505849582107
668.0	0.13413469516570592	0.005779309702668672
669.0	0.13379017063384724	0.005767113555755238
670.0	0.13344740780344772	0.005754917408841804
671.0	0.13310104659039113	0.00574272126192837
672.0	0.13275074811956827	0.005730525115014935
673.0	0.13239618446832516	0.005718328968101501
674.0	0.13203704637618674	0.005706132821188066
675.0	0.13167305097552565	0.005693936674274632
676.0	0.1313039492268086	0.0056817405273611975
677.0	0.13092953273601804	0.005669544380447764
678.0	0.13054963964516103	0.0056573482335343294
679.0	0.13016415931957753	0.005645152086620895
680.0	0.1297730356066249	0.0056329559397074605
681.0	0.12937626850630318	0.005603855727304205
682.0	0.12897391417125492	0.005574755514900949
683.0	0.12856608323614027	0.005545655302497694
684.0	0.12815293755895213	0.005516555090094438
685.0	0.12773468553370793	0.005487454877691183
686.0	0.12731157619994113	0.005458354665287927
687.0	0.12688389242527903	0.005429254452884671
688.0	0.12645194347019661	0.005400154240481416
689.0	0.126016057257348	0.00537105402807816
690.0	0.1255765726618423	0.005341953815674904
691.0	0.125129401722258	0.005312853603271649
692.0	0.12467382058264721	0.005283753390868393
693.0	0.12420912878211116	0.005254653178465137
694.0	0.12373466572319614	0.005225552966061882
695.0	0.12324982718502855	0.005196452753658626
696.0	0.12275408120541173	0.0051673525412553704
697.0	0.12224698264321565	0.005138252328852115
698.0	0.12172818576082871	0.00510915211644886
699.0	0.12119745423650698	0.0050800519040456035
700.0	0.12065466812510492	0.005050951691642348
701.0	0.12009982742662255	0.0050291089138213806
702.0	0.11953305208620538	0.005007266136000414
703.0	0.11895457842559734	0.004985423358179446
704.0	0.11836475218241005	0.004963580580358479
705.0	0.11776401849777354	0.004941737802537512
706.0	0.11715290933388446	0.004919895024716544
707.0	0.11653202891161639	0.004898052246895577
708.0	0.11590203782842307	0.004876209469074609
709.0	0.11526363654520325	0.004854366691253643
710.0	0.11461754891790484	0.004832523913432675
711.0	0.11398549277967968	0.0048106811356117074
712.0	0.11336878953596057	0.004788838357790741
713.0	0.11276871788431125	0.004766995579969773
714.0	0.11218648375122406	0.004745152802148806
715.0	0.11162319014724578	0.004723310024327838
716.0	0.11107980817406983	0.004701467246506871
717.0	0.11055715044076465	0.004679624468685904
718.0	0.11005584809439707	0.004657781690864936
719.0	0.10957633254239998	0.0046359389130439695
720.0	0.10911882274569708	0.004614096135223002
721.0	0.10868331870428832	0.00457368669311894
722.0	0.10826960145725009	0.004533277251014879
723.0	0.10787723959714943	0.004492867808910817
724.0	0.10750560197691955	0.004452458366806755
725.0	0.10715387598749199	0.004412048924702694
726.0	0.10682109052717334	0.004371639482598632
727.0	0.10650614258541685	0.0043312300404945705
728.0	0.10620782623573014	0.004290820598390509
729.0	0.10592486278054945	0.004250411156286447
730.0	0.10565593081444204	0.004210001714182386
731.0	0.10540305791561932	0.004169592272078324
732.0	0.10516775643523979	0.004129182829974262
733.0	0.10495148984522049	0.004088773387870201
734.0	0.10475563833084178	0.004048363945766139
735.0	0.10458146428987877	0.0040079545036620775
736.0	0.10443007915016016	0.003967545061558016
737.0	0.10430241294438866	0.003927135619453954
738.0	0.1041991880216436	0.003886726177349893
739.0	0.10412089812859399	0.0038463167352458315
740.0	0.1040677938664546	0.00380590729314177
741.0	0.10403987523522537	0.0038126231682436935
742.0	0.10403689163369162	0.0038193390433456176
743.0	0.10405834931518426	0.0038260549184475413
744.0	0.10410352593062408	0.0038327707935494654
745.0	0.10417149144730826	0.003839486668651389
746.0	0.10426113443740813	0.003846202543753313
747.0	0.10437119250314861	0.003852918418855237
748.0	0.10450028545924933	0.003859634293957161
749.0	0.10464694983379323	0.0038663501690590846
750.0	0.10480967327562182	0.0038730660441610087
751.0	0.10497005083972472	0.0038797819192629324
752.0	0.10512786160474744	0.003886497794364856
753.0	0.1052828917895213	0.00389321366946678
754.0	0.10543493977922963	0.003899929544568704
755.0	0.10558382116522844	0.0039066454196706275
756.0	0.10572937359227373	0.003913361294772552
757.0	0.10587146120297339	0.003920077169874476
758.0	0.10600997847796034	0.0039267930449764
759.0	0.1061448532916689	0.003933508920078323
760.0	0.10627604903675458	0.003940224795180247
761.0	0.10640356571321738	0.003950184990221378
762.0	0.10652743992840175	0.003960145185262509
763.0	0.10664774380787345	0.00397010538030364
764.0	0.10676458287099949	0.003980065575344771
765.0	0.10687809297517203	0.003990025770385902
766.0	0.10698843647563508	0.003999985965427033
767.0	0.10709579778103255	0.004009946160468163
768.0	0.10720037850618118	0.004019906355509295
769.0	0.10730239243224962	0.0040298665505504256
770.0	0.10740206048059239	0.004039826745591557
771.0	0.10748843176264153	0.004049786940632688
772.0	0.10756025406495576	0.004059747135673818
773.0	0.1076163156456753	0.00406970733071495
774.0	0.10765547372354205	0.0040796675257560805
775.0	0.10767668304431507	0.004089627720797211
776.0	0.10767902335553964	0.004099587915838343
777.0	0.10766172459832776	0.004109548110879473
778.0	0.10762418867400295	0.004119508305920604
779.0	0.10756600676467118	0.0041294685009617355
780.0	0.10748697137473354	0.004139428696002866
781.0	0.10738708250418996	0.004103678168112298
782.0	0.10726654764863948	0.0040679276402217305
783.0	0.10712577562597606	0.004032177112331162
784.0	0.10696536453487619	0.003996426584440595
785.0	0.10678608443422785	0.003960676056550027
786.0	0.10658885557648579	0.003924925528659459
787.0	0.10637472321589095	0.003889175000768891
788.0	0.1061448301337014	0.003853424472878323
789.0	0.10590038807177696	0.0038176739449877553
790.0	0.1056426492435589	0.003781923417097187
791.0	0.1053955089481885	0.0037461728892066192
792.0	0.10515996529490501	0.0037104223613160514
793.0	0.10493698413402278	0.0036746718334254836
794.0	0.10472747634901779	0.0036389213055349158
795.0	0.10453227508692459	0.003603170777644348
796.0	0.10435211385885826	0.00356742024975378
797.0	0.10418760646025126	0.003531669721863212
798.0	0.10403922962118436	0.003495919193972644
799.0	0.1039073092005757	0.0034601686660820762
800.0	0.10379201058818033	0.0034244181381915084
801.0	0.10369333378399831	0.0034249236675043568
802.0	0.10361111339827447	0.0034254291968172047
803.0	0.10354502357209078	0.003425934726130053
804.0	0.1034945875753664	0.0034264402554429014
805.0	0.10345919161266888	0.00342694578475575
806.0	0.10343810217288316	0.003427451314068598
807.0	0.10343048610897468	0.003427956843381446
808.0	0.10343543253746744	0.0034284623726942944
809.0	0.10345197560804711	0.003428967902007143
810.0	0.10347911721147449	0.0034294734313199907
811.0	0.1035050470671207	0.003429978960632839
812.0	0.10352965105950648	0.0034304844899456875
813.0	0.1035528187613687	0.003430990019258536
814.0	0.10357444602989377	0.003431495548571384
815.0	0.1035944376100039	0.003432001077884232
816.0	0.10361270963816077	0.0034325066071970805
817.0	0.10362919193811786	0.003433012136509929
818.0	0.10364383000453697	0.0034335176658227768
819.0	0.10365658658142932	0.003434023195135625
820.0	0.10366744275951079	0.0034345287244484735
821.0	0.10367639853878133	0.0034343661474269525
822.0	0.10368347282852514	0.0034342035704054315
823.0	0.10368870288473092	0.0034340409933839105
824.0	0.10369214321273697	0.00343387841636239
825.0	0.10369386398878974	0.003433715839340869
826.0	0.10369394907642757	0.003433553262319348
827.0	0.10369249373072827	0.003433390685297827
828.0	0.10368960209450538	0.003433228108276306
829.0	0.10368538459502205	0.003433065531254785
830.0	0.10367995534775762	0.0034329029542332643
831.0	0.10367128209439566	0.0034327403772117433
832.0	0.10365905933298572	0.0034325778001902223
833.0	0.1036429914354107	0.0034324152231687013
834.0	0.10362279959784063	0.0034322526461471803
835.0	0.10359822881006805	0.0034320900691256592
836.0	0.10356905455851513	0.0034319274921041382
837.0	0.10353508897226099	0.0034317649150826177
838.0	0.10349618613344032	0.0034316023380610967
839.0	0.10345224630293517	0.0034314397610395756
840.0	0.10340321885813758	0.0034312771840180546
841.0	0.10334910379904749	0.003414217522518374
842.0	0.10328995174827299	0.003397157861018693
843.0	0.10322586244493193	0.003380098199519012
844.0	0.10315698180688966	0.003363038538019331
845.0	0.10308349770506703	0.00334597887651965
846.0	0.10300563465304188	0.0033289192150199693
847.0	0.1029236476610217	0.0033118595535202885
848.0	0.10283781553283647	0.0032947998920206077
849.0	0.10274843389660318	0.003277740230520927
850.0	0.10265580825427245	0.003260680569021246
851.0	0.1025644291059844	0.003243620907521565
852.0	0.10247441383942268	0.003226561246021884
853.0	0.10238587604829692	0.0032095015845222032
854.0	0.10229892286166382	0.0031924419230225224
855.0	0.10221365226599288	0.0031753822615228416
856.0	0.10213015052956745	0.003158322600023161
857.0	0.10204848984090278	0.00314126293852348
858.0	0.10196872626825043	0.0031242032770237987
859.0	0.10189089813589602	0.003107143615524118
860.0	0.10181502489533792	0.003090083954024437
861.0	0.10174110654657613	0.0030748625246056296
862.0	0.10166912363811229	0.003059641095186822
863.0	0.10159903784566077	0.0030444196657680145
864.0	0.10153079310096999	0.003029198236349207
865.0	0.10146431721552475	0.0030139768069303995
866.0	0.10139952392104162	0.002998755377511592
867.0	0.1013363152310512	0.0029835339480927844
868.0	0.10127458401649672	0.002968312518673977
869.0	0.10121421668366855	0.0029530910892551694
870.0	0.10115509584488311	0.002937869659836362
871.0	0.10109065495540401	0.0029226482304175543
872.0	0.10102039300326791	0.0029074268009987468
873.0	0.10094382516923536	0.0028922053715799392
874.0	0.10086049422527885	0.0028769839421611317
875.0	0.10076998196403675	0.002861762512742324
876.0	0.10067192019149844	0.0028465410833235167
877.0	0.10056600080626313	0.002831319653904709
878.0	0.10045198450839815	0.0028160982244859016
879.0	0.10032970772941828	0.002800876795067094
880.0	0.10019908745010811	0.0027856553656482866
881.0	0.10006012367046771	0.0027694283792493216
882.0	0.09991289940971243	0.0027532013928503567
883.0	0.09975757823632744	0.002736974406451392
884.0	0.09959439945024551	0.0027207474200524272
885.0	0.0994236711528673	0.0027045204336534623
886.0	0.09924576153820353	0.0026882934472544978
887.0	0.09906108881361578	0.002672066460855533
888.0	0.09887011020713161	0.002655839474456568
889.0	0.09867331053799042	0.002639612488057603
890.0	0.09847119081815559	0.002623385501658638
891.0	0.09826815139864814	0.0026071585152596735
892.0	0.09806410566741021	0.0025909315288607086
893.0	0.09785896981168857	0.0025747045424617436
894.0	0.0976526647885396	0.002558477556062779
895.0	0.09744511830068725	0.002542250569663814
896.0	0.09723626669687505	0.0025260235832648492
897.0	0.09702605671431026	0.0025097965968658843
898.0	0.09681444698420105	0.0024935696104669194
899.0	0.09660140922977134	0.002477342624067955
900.0	0.0963869290991381	0.00246111563766899
901.0	0.09617100659230132	0.002445426630292034
902.0	0.09595365606114403	0.0024297376229150784
903.0	0.09573490578244231	0.0024140486155381224
904.0	0.09551479712498803	0.0023983596081611665
905.0	0.09529338335157388	0.0023826706007842105
906.0	0.09507072811345635	0.0023669815934072545
907.0	0.09484690370791149	0.002351292586030299
908.0	0.09462198917788292	0.002335603578653343
909.0	0.09439606833612385	0.002319914571276387
910.0	0.0941692277946922	0.0023042255638994315
911.0	0.09394194791972912	0.0022885365565224755
912.0	0.09371418733731396	0.0022728475491455196
913.0	0.09348590601073269	0.0022571585417685636
914.0	0.09325706618177285	0.0022414695343916076
915.0	0.09302763331457617	0.002225780527014652
916.0	0.09279757700342203	0.002210091519637696
917.0	0.09256687180507989	0.00219440251226074
918.0	0.09233549795799281	0.0021787135048837846
919.0	0.09210344195456013	0.0021630244975068286
920.0	0.09187069693899665	0.0021473354901298727
921.0	0.09163726291130231	0.0021536229719845332
922.0	0.09140314672726241	0.0021599104538391934
923.0	0.0911683618944776	0.002166197935693854
924.0	0.09093292817450477	0.0021724854175485145
925.0	0.09069687101057444	0.002178772899403175
926.0	0.0904602208084073	0.002185060381257835
927.0	0.09022301210386159	0.0021913478631124957
928.0	0.08998528265514975	0.0021976353449671563
929.0	0.08974707249898586	0.0022039228268218164
930.0	0.08950842300929054	0.002210210308676477
931.0	0.08926861181493673	0.0022164977905311375
932.0	0.0890275295132203	0.0022227852723857976
933.0	0.08878507023733637	0.002229072754240458
934.0	0.0885411341453924	0.0022353602360951188
935.0	0.08829562991618334	0.002241647717949779
936.0	0.08804847714959235	0.0022479351998044394
937.0	0.08779960856753258	0.0022542226816591
938.0	0.08754897191564362	0.0022605101635137606
939.0	0.08729653147654559	0.0022667976453684207
940.0	0.08704226912187572	0.0022730851272230812
941.0	0.08678618485163397	0.0022910148279771114
942.0	0.0865282967941832	0.0023089445287311416
943.0	0.0862686406669032	0.002326874229485172
944.0	0.08600726872415446	0.0023448039302392024
945.0	0.08574424824402374	0.0023627336309932326
946.0	0.08547965962662796	0.002380663331747263
947.0	0.08521359419317215	0.002398593032501293
948.0	0.0849461517855488	0.002416522733255323
949.0	0.08467743827056287	0.0024344524340093533
950.0	0.08440756305091843	0.002452382134763384
951.0	0.08413074986266761	0.002470311835517414
952.0	0.0838463453275865	0.0024882415362714443
953.0	0.08355371718465796	0.0025061712370254745
954.0	0.08325226915503355	0.0025241009377795047
955.0	0.08294145584737914	0.002542030638533535
956.0	0.08262079709362222	0.002559960339287565
957.0	0.08228989109348511	0.0025778900400415953
958.0	0.08194842577185496	0.002595819740795626
959.0	0.08159618781628786	0.002613749441549656
960.0	0.08123306896001281	0.0026316791423036862
961.0	0.08085906920302983	0.00264060780388162
962.0	0.08047429681210988	0.002649536465459554
963.0	0.08007896509969689	0.0026584651270374873
964.0	0.07967338614090372	0.0026673937886154213
965.0	0.07925796173600805	0.002676322450193355
966.0	0.07883317205308235	0.002685251111771289
967.0	0.07839956248346083	0.0026941797733492224
968.0	0.07795772930599185	0.0027031084349271564
969.0	0.07750830478169257	0.00271203709650509
970.0	0.07705194228878691	0.002720965758083024
971.0	0.07659063052549295	0.0027298944196609575
972.0	0.07612390339781702	0.002738823081238891
973.0	0.07565130987593935	0.002747751742816825
974.0	0.07517242459828583	0.0027566804043947586
975.0	0.0746868585044076	0.0027656090659726926
976.0	0.07419426906153212	0.002774537727550626
977.0	0.0736943696413494	0.00278346638912856
978.0	0.07318693762190731	0.0027923950507064937
979.0	0.07267182083460696	0.0028013237122844277
980.0	0.07214894204624736	0.0028102523738623613
981.0	0.0716183012568285	0.0028112542727047937
982.0	0.07107997569955135	0.002812256171547226
983.0	0.07053411754301488	0.0028132580703896584
984.0	0.06998094940917113	0.002814259969232091
985.0	0.06942075792633015	0.002815261868074523
986.0	0.06885388562726445	0.002816263766916955
987.0	0.06828072157242293	0.0028172656657593875
988.0	0.06770169112337965	0.00281826756460182
989.0	0.06711724530995439	0.0028192694634442523
990.0	0.06652785022614083	0.0028202713622866847
991.0	0.06595371119252988	0.002821273261129117
992.0	0.06539626493672154	0.0028222751599715494
993.0	0.06485690175123035	0.002823277058813982
994.0	0.0643369328065965	0.002824278957656414
995.0	0.06383755737569743	0.002825280856498846
996.0	0.06335983131056062	0.0028262827553412785
997.0	0.06290463813856356	0.002827284654183711
998.0	0.06247266408846548	0.0028282865530261433
999.0	0.06206437821764295	0.0028292884518685757
1000.0	0.06168001859625563	0.002830290350711008
1001.0	0.061319585224303516	0.0028136999970120617
1002.0	0.06098284003162696	0.0027971096433131153
1003.0	0.06066931396084937	0.002780519289614169
1004.0	0.06037832078321154	0.002763928935915222
1005.0	0.06010897697133595	0.002747338582216276
1006.0	0.05986022667319517	0.0027307482285173295
1007.0	0.05963087061591171	0.002714157874818383
1008.0	0.0594195976289454	0.0026975675211194368
1009.0	0.059225017419781714	0.0026809771674204904
1010.0	0.059045693260820625	0.0026643868137215436
1011.0	0.0588730405779527	0.0026477964600225973
1012.0	0.05870768765266024	0.002631206106323651
1013.0	0.058550242460346485	0.0026146157526247046
1014.0	0.05840127837634754	0.002598025398925758
1015.0	0.05826131984311246	0.002581435045226812
1016.0	0.058130828585102406	0.0025648446915278655
1017.0	0.05801019096914878	0.002548254337828919
1018.0	0.05789970708332817	0.0025316639841299724
1019.0	0.05779958204659552	0.002515073630431026
1020.0	0.057709919967114984	0.0024984832767320797
1021.0	0.057630720844886546	0.0024818929230331333
1022.0	0.05756188057174606	0.002465302569334187
1023.0	0.0575031940287386	0.0024487122156352406
1024.0	0.05745436112778758	0.002432121861936294
1025.0	0.05741499550206157	0.0024155315082373474
1026.0	0.05738463542709943	0.002398941154538401
1027.0	0.05736275646045211	0.0023823508008394547
1028.0	0.057348785226783466	0.0023657604471405084
1029.0	0.057342113750690316	0.002349170093441562
1030.0	0.057342113750690316	0.0023325797397426157
1031.0	0.057342113750690316	0.0023159893860436693
1032.0	0.057342113750690316	0.0022993990323447225
1033.0	0.057342113750690316	0.002282808678645776
1034.0	0.057342113750690316	0.00226621832494683
1035.0	0.057342113750690316	0.0022496279712478835
1036.0	0.057342113750690316	0.002233037617548937
1037.0	0.057342113750690316	0.0022164472638499903
1038.0	0.057342113750690316	0.002199856910151044
1039.0	0.057342113750690316	0.0021832665564520976
1040.0	0.057342113750690316	0.0021666762027531513
1041.0	0.057342113750690316	0.002150085849054205
1042.0	0.057342113750690316	0.0021334954953552586
1043.0	0.057342113750690316	0.002116905141656312
1044.0	0.057342113750690316	0.002100314787957366
1045.0	0.057342113750690316	0.002083724434258419
1046.0	0.057342113750690316	0.0020671340805594727
1047.0	0.057342113750690316	0.0020505437268605264
1048.0	0.057342113750690316	0.00203395337316158
1049.0	0.057342113750690316	0.0020173630194626336
1050.0	0.057342113750690316	0.002000772665763687
1051.0	0.057342113750690316	0.0019841823120647405
1052.0	0.057342113750690316	0.001967591958365794
1053.0	0.057342113750690316	0.0019510016046668478
1054.0	0.057342113750690316	0.0019344112509679014
1055.0	0.057342113750690316	0.001917820897268955
1056.0	0.057342113750690316	0.0019012305435700087
1057.0	0.057342113750690316	0.0018846401898710622
1058.0	0.057342113750690316	0.0018680498361721158
1059.0	0.057342113750690316	0.0018514594824731692
1060.0	0.057342113750690316	0.0018348691287742229
1061.0	0.057342113750690316	0.0018182787750752765
1062.0	0.057342113750690316	0.0018016884213763302
1063.0	0.057342113750690316	0.0017850980676773836
1064.0	0.057342113750690316	0.0017685077139784372
1065.0	0.057342113750690316	0.0017519173602794909
1066.0	0.057342113750690316	0.0017353270065805443
1067.0	0.057342113750690316	0.001718736652881598
1068.0	0.057342113750690316	0.0017021462991826516
1069.0	0.057342113750690316	0.0016855559454837053
1070.0	0.057342113750690316	0.0016689655917847587
1071.0	0.057342113750690316	0.0016523752380858123
1072.0	0.057342113750690316	0.001635784884386866
1073.0	0.057342113750690316	0.0016191945306879194
1074.0	0.057342113750690316	0.001602604176988973
1075.0	0.057342113750690316	0.0015860138232900267
1076.0	0.057342113750690316	0.0015694234695910801
1077.0	0.057342113750690316	0.0015528331158921338
1078.0	0.057342113750690316	0.0015362427621931874
1079.0	0.057342113750690316	0.001519652408494241
1080.0	0.057342113750690316	0.0015030620547952945
1081.0	0.057342113750690316	0.0014864717010963481
1082.0	0.057342113750690316	0.0014698813473974018
1083.0	0.057342113750690316	0.0014532909936984552
1084.0	0.057342113750690316	0.0014367006399995089
1085.0	0.057342113750690316	0.0014201102863005625
1086.0	0.057342113750690316	0.001403519932601616
1087.0	0.057342113750690316	0.0013869295789026696
1088.0	0.057342113750690316	0.0013703392252037232
1089.0	0.057342113750690316	0.0013537488715047769
1090.0	0.057342113750690316	0.0013371585178058303
1091.0	0.057342113750690316	0.001320568164106884
1092.0	0.057342113750690316	0.0013039778104079376
1093.0	0.057342113750690316	0.001287387456708991
1094.0	0.057342113750690316	0.0012707971030100447
1095.0	0.057342113750690316	0.0012542067493110983
1096.0	0.057342113750690316	0.001237616395612152
1097.0	0.057342113750690316	0.0012210260419132054
1098.0	0.057342113750690316	0.001204435688214259
1099.0	0.057342113750690316	0.0011878453345153127
