#	PNG336.3-05.6	Thor300	1.089	
306.5664806229248	0.0	4.6465663500824564e-15
308.02080446218696	0.0	4.6106244987574785e-15
309.4749527517711	0.0	4.5874043996711866e-15
310.9289246883394	0.0	4.568894869287181e-15
312.3827194690529	0.0	4.5384292075360056e-15
313.8363362915729	0.0	4.519007919727853e-15
315.2897743540634	0.0	4.508762452458444e-15
316.74303285519375	0.0	4.488711572006405e-15
318.1961109941401	0.0	4.4676464968877455e-15
319.64900797058795	0.0	4.459256799790458e-15
321.1017229847338	0.0	4.428460127741841e-15
322.5542552372877	0.0	4.416243070768286e-15
324.00660392947526	8.840951513448504e-17	4.399961480629487e-15
325.45876826303964	1.543755404754765e-15	4.377541008698469e-15
326.9107474402437	8.001125008357364e-17	4.366143387360426e-15
328.3625406638724	0.0	4.3370993552224914e-15
329.81414713723404	0.0	4.312920299071709e-15
331.26556606416324	0.0	4.309565689089654e-15
332.716796649023	1.549303664965287e-17	4.284551429529047e-15
334.1678380967061	6.764411652994246e-17	4.265183034547089e-15
335.61868961263764	1.550711391240917e-16	4.245627913144134e-15
337.0693504027773	1.7927398297289938e-16	4.2274274415646e-15
338.5198196736208	0.0	4.217487070054118e-15
339.97009663220285	0.0	4.196534577578491e-15
341.42018048609833	3.48227112427104e-16	4.1717177552395166e-15
342.870070443425	0.0	4.163188200862586e-15
344.31976571284497	0.0	4.148556511003158e-15
345.7692655035676	0.0	4.129244100195682e-15
347.21856902535046	0.0	4.1139850564532046e-15
348.66767548850254	9.505010433184643e-18	4.097032503370975e-15
350.11658410388543	1.6629849404742565e-17	4.0795088444601676e-15
351.5652940829156	4.554478115319029e-16	4.052358359476945e-15
353.013804637567	0.0	4.045602928840599e-15
354.4621149803718	8.241919077980901e-17	4.0278591716914465e-15
355.910224324424	0.0	4.016811941235371e-15
357.35813188338017	0.0	3.998988987044593e-15
358.8058368714623	0.0	3.9850310409817656e-15
360.25333850345936	0.0	3.9705375484191966e-15
361.7006359947296	0.0	3.956084799158581e-15
363.1477285612022	0.0	3.9388553490967435e-15
364.59461541938015	6.753655752019182e-17	3.920029377276973e-15
366.0412957863407	0.0	3.9147591658992895e-15
367.4877688797391	0.0	3.8928698688776266e-15
368.93403391780936	8.859923693575495e-17	3.875094393503422e-15
370.38009011936686	0.0	3.863072479168991e-15
371.82593670381	9.78580353574621e-17	3.8457653002293876e-15
373.27157289112256	2.517092646300628e-18	3.8392269986035935e-15
374.71699790187563	8.129322776824352e-20	3.819065760018592e-15
376.16221095722887	1.99637497651142e-19	3.805051097894948e-15
377.6072112789335	1.0038834524680251e-16	3.78882179917454e-15
379.051998089334	0.0	3.783430613331178e-15
380.49657061136935	0.0	3.765298034399583e-15
381.9409280685761	8.200931040844963e-17	3.747889778133196e-15
383.3850696850897	2.3977034782579633e-16	3.7309887917220855e-15
384.8289946856463	3.7712785907084336e-16	3.714985173707293e-15
386.2727022955851	4.831336020743555e-16	3.699412951300966e-15
387.7161917408504	0.0	3.697794803080529e-15
389.1594622479926	0.0	3.690865996154977e-15
390.60251304417187	1.466132624796059e-16	3.666477452142904e-15
392.0453433571582	4.641513448344411e-17	3.655558533400366e-15
393.4879524153351	0.0	3.644925101984853e-15
394.93033944769957	0.0	3.631651476780622e-15
396.37250368386583	9.361280210523663e-17	3.616327940433278e-15
397.8144443540666	1.2089926924408563e-16	3.603242337984648e-15
399.25616068915457	5.489253580888025e-18	3.599094653772249e-15
400.6976519206045	7.685560114469015e-17	3.579170808076299e-15
402.1389172805158	2.2355843464771727e-16	3.563641593823068e-15
403.57995600161405	4.093488988353985e-19	3.556894734633651e-15
405.0207673172521	2.231509819463736e-16	3.5395368643694517e-15
406.46135046141353	0.0	3.5372462162051585e-15
407.90170466871297	3.710494056585056e-17	3.5194868475442864e-15
409.3418291743993	1.700837222217965e-16	3.5046501216190406e-15
410.7817232143565	4.167933477743715e-16	3.48788019676571e-15
412.2213860251064	1.4553843074468697e-16	3.481846203011323e-15
413.66081684380964	0.0	3.4739941806783785e-15
415.1000149082688	0.0	3.46901866944447e-15
416.53897945692864	3.6373806522760896e-17	3.449423397118788e-15
417.97770972887946	1.9868208102937621e-16	3.4349353874787802e-15
419.41620496385843	1.328165764022047e-16	3.42519311967389e-15
420.8544644022511	1.8151515738021137e-16	3.4126616248575008e-15
422.2924872850936	0.0	3.408583730860428e-15
423.7302728540747	2.014008034589331e-16	3.390225705683045e-15
425.1678203515366	2.829414672071602e-16	3.3776933404715125e-15
426.60512902047867	1.0891629276416006e-17	3.3759284058906598e-15
428.04219810455743	3.279213302688165e-17	3.3653474711499326e-15
429.4790268480896	7.806704131748421e-17	3.358427241731678e-15
430.91561449605274	5.689391946578661e-17	3.3393352888227505e-15
432.35196029408866	2.816529495733616e-19	3.3303577638689284e-15
433.7880634885043	0.0	3.320874036162978e-15
435.22392332627265	0.0	3.315040646890139e-15
436.6595390550371	6.263686571475665e-17	3.2974498813256555e-15
438.09490992311027	1.2201961073862916e-16	3.2860088010168553e-15
439.5300351794783	0.0	3.286074547952699e-15
440.9649140738011	0.0	3.2767347622912262e-15
442.3995458564145	1.209795188432099e-16	3.2556222559605595e-15
443.8339297783327	1.284024509491162e-16	3.245495058893593e-15
445.2680650912495	0.0	3.23846743856042e-15
446.7019510475397	5.907713924351103e-17	3.2271885258590243e-15
448.13558690026144	3.253934033692541e-17	3.2179032172772264e-15
449.56897190315834	0.0	3.208767031882272e-15
451.00210531066034	1.3400197537526803e-16	3.196232572708645e-15
452.4349863778861	0.0	3.192700713318949e-15
453.8676143606443	7.243303421777542e-17	3.178594054355469e-15
455.2999885154363	7.50610913041153e-18	3.172148193396086e-15
456.73210809945675	1.4510931639807174e-16	3.1582314318638304e-15
458.1639723705958	3.442605693364547e-16	3.1443221816264125e-15
459.5955805874416	2.927455610519043e-17	3.1419349436980455e-15
461.0269320092807	1.7768896552909007e-19	3.1333442956552024e-15
462.4580258961004	4.7350193683615016e-17	3.123111660573449e-15
463.88886150859133	0.0	3.119690121147008e-15
465.3194381081474	1.7928894222485948e-16	3.1021618905168553e-15
466.7497549568693	0.0	3.0973419482047352e-15
468.179811317565	8.358464250961959e-17	3.0862672867138954e-15
469.6096064537519	0.0	3.0799491789558744e-15
471.03913962965873	0.0	3.07582909272637e-15
472.46841011022696	0.0	3.06622955724026e-15
473.8974171611126	9.121169514692253e-17	3.050995378746529e-15
475.32616004868817	0.0	3.0482563696678326e-15
476.7546380400434	9.533850215138697e-18	3.0356731918263113e-15
478.18285040298855	7.891198799818432e-17	3.0256001677574985e-15
479.61079640605476	9.63635623575942e-17	3.0166642388927083e-15
481.03847531849624	1.6535778492499303e-16	3.0067788029063112e-15
482.46588641029155	1.104804758137966e-16	2.9994869207067392e-15
483.8930289521461	2.6149047771374633e-18	2.99366866257235e-15
485.3199022154932	1.523571785545078e-18	2.9856097158052405e-15
486.7465054724955	5.588447018477184e-17	2.983730628733481e-15
488.1728379960475	5.333655454686603e-17	2.9737821205952665e-15
489.5988990597762	6.664688170080577e-18	2.961436419047896e-15
491.0246879380437	4.2515019106899836e-17	2.951999379958878e-15
492.4502039059482	3.97487796136203e-16	2.935977966165474e-15
493.8754462393254	4.081659695279588e-18	2.9385179274781125e-15
495.3004142147514	1.4735022313354932e-18	2.9307560739499964e-15
496.72510710954265	4.765132118870566e-17	2.9202450384272316e-15
498.14952420175916	3.9340899135048653e-17	2.9124170928576946e-15
499.57366477020463	0.0	2.9071772583962704e-15
500.9975280944298	0.0	2.9049229220323196e-15
502.4211134547321	0.0	2.8913282595677775e-15
503.84442013215914	3.879088883442491e-17	2.8818545962379717e-15
505.26744740850836	0.0	2.8753881313155572e-15
506.69019456633066	1.3236259836563043e-16	2.8646296475895533e-15
508.1126608889305	0.0	2.861984384050385e-15
509.5348456603685	0.0	2.8537319107073558e-15
510.95674816546176	0.0	2.849044794310312e-15
512.3783676897872	1.2965714445624794e-18	2.837898803319321e-15
513.7997035196811	1.79367531615224e-18	2.8358889267799205e-15
515.2207549422428	2.4300821369568436e-18	2.8248998747055315e-15
516.6415212453343	2.2999383911598983e-17	2.8226782711284784e-15
518.0620017175834	4.146076486157094e-18	2.809525909055848e-15
519.4821956483839	3.3767381925582064e-17	2.805648176112888e-15
520.9021023278987	3.901868531191245e-17	2.793716993221649e-15
522.3217210470599	4.21185513181554e-17	2.790999932788338e-15
523.741051097571	4.954808593569886e-17	2.7852160655568556e-15
525.1600917719082	2.423837607632976e-18	2.773937205926803e-15
526.5788423633229	3.8487104742912815e-17	2.773920206117946e-15
527.9973021658415	1.103866029206951e-18	2.760118405256603e-15
529.415470474268	1.096875110322256e-16	2.750499356301855e-15
530.8333465841862	1.5129518627417617e-18	2.7492283360936513e-15
532.2509297919596	0.0	2.740972616027137e-15
533.6682193947339	1.7978318454520744e-16	2.7283494548139286e-15
535.0852146904382	7.621945316336402e-18	2.7257139273024727e-15
536.5019149777874	0.0	2.7246783926812954e-15
537.9183195562815	1.0568919312893512e-16	2.71031266252115e-15
539.3344277262099	0.0	2.707846689230095e-15
540.7502387886508	1.0291003139777e-16	2.6970574601202364e-15
542.1657520454733	0.0	2.6935534449303968e-15
543.5809667993395	0.0	2.690251679376749e-15
544.9958823537054	0.0	2.682968465280156e-15
546.4104980128212	4.0452063359743985e-17	2.6726190280318755e-15
547.8248130817359	1.0511783730227007e-18	2.669121946150862e-15
549.2388268662951	6.127188800971608e-18	2.6649355408324035e-15
550.6525386731458	1.046229810459867e-17	2.6582752250413367e-15
552.0659478097343	4.070220453579126e-17	2.6568428227040435e-15
553.4790535843116	7.427842230816309e-17	2.652572721865635e-15
554.8918553059316	5.667083767195238e-18	2.6366053704584857e-15
556.3043522844538	3.542608219546805e-18	2.6303200601376595e-15
557.7165438305452	4.882348943984216e-17	2.6226329653221385e-15
559.1284292556811	2.4739079250213744e-17	2.6172459616147813e-15
560.5400078721462	2.5123786431912583e-17	2.6143932445435005e-15
561.9512789930374	1.3475605844478969e-17	2.60737987118541e-15
563.3622419322627	1.9622657956483907e-16	2.5950525322086237e-15
564.7728960045463	7.294246779830734e-18	2.595514619432231e-15
566.1832405254256	5.5304672523546945e-18	2.590110080661769e-15
567.5932748112571	9.995643347350804e-18	2.581790358589859e-15
569.0029981792134	2.68980662522835e-18	2.5813600835718413e-15
570.4124099472887	1.1574148288045187e-16	2.567566477518484e-15
571.8215094342969	2.871523864865205e-17	2.563921035110006e-15
573.2302959598751	0.0	2.5614382471529517e-15
574.6387688444837	0.0	2.556889456698334e-15
576.0469274094086	1.5981889414367367e-16	2.543452186987597e-15
577.4547709767621	0.0	2.546563595854003e-15
578.8622988694847	1.5885350514026142e-17	2.535642438498404e-15
580.2695104113451	4.675488252199271e-18	2.5304559153252565e-15
581.6764049269443	6.780072326279198e-17	2.5231606960417236e-15
583.0829817417136	3.7314824475575775e-17	2.518514195370179e-15
584.4892401819186	2.396107817197267e-16	2.508024106830025e-15
585.8951795746588	2.3981709873747003e-16	2.5023839083513643e-15
587.3007992478706	9.98696036928984e-18	2.5027237787588905e-15
588.7060985303265	1.2409292343634765e-16	2.494366620552252e-15
590.1110767516387	1.660505146201576e-16	2.4879850656549744e-15
591.5157332422586	1.9971644300366554e-16	2.481906891947219e-15
592.9200673334789	1.1012303187091045e-16	2.4784574471352348e-15
594.3240783574348	2.3967418259391423e-16	2.4702199339046033e-15
595.7277656471061	7.531069159838603e-17	2.468871070220827e-15
597.1311285363164	2.6595617056475714e-17	2.467486279593134e-15
598.5341663597369	2.6398523509646556e-16	2.4537444275586458e-15
599.9368784528849	1.6146514803600598e-17	2.4564145441566576e-15
601.3392641521292	3.7065276148027295e-17	2.4538760671201058e-15
602.7413227946863	2.3495214890150247e-16	2.4390538958401816e-15
604.1430537186262	2.0203325148435436e-17	2.438982888513682e-15
605.5444562628699	1.4104121075949635e-16	2.4311461419677204e-15
606.9455297671942	2.827435734645992e-16	2.422526078454909e-15
608.3462735722296	1.0640554146937654e-16	2.421577501632126e-15
609.7466870194646	2.0640063388358536e-16	2.41416787266373e-15
611.1467694512445	3.3459176833545864e-17	2.4133312249092868e-15
612.5465202107738	3.4220883493891337e-19	2.4109749667617115e-15
613.9459386421178	2.3084143589094374e-17	2.4038893008540613e-15
615.3450240902031	1.0899914080799468e-16	2.3967617449912496e-15
616.7437759008184	2.0590725361282582e-16	2.389472353905166e-15
618.1421934206172	0.0	2.3896967524517335e-15
619.5402759971181	2.360882295639202e-16	2.3791218906058913e-15
620.9380229787055	1.4107964060151872e-16	2.3766730683458477e-15
622.3354337146313	1.1806092424836968e-16	2.372315610321736e-15
623.7325075550178	0.0	2.3747394982394176e-15
625.1292438508559	1.246574223403509e-19	2.3660349645210492e-15
626.525641954007	2.1540699966281273e-18	2.3636959362074854e-15
627.921701217207	4.0571697539258264e-18	2.35908499107697e-15
629.3174209940636	2.6678456712377057e-18	2.352899261038279e-15
630.7128006390597	2.7776564165936228e-18	2.3479410826270096e-15
632.1078395075547	7.453492259124387e-17	2.3404970587025465e-15
633.5025369557846	1.4182289639018834e-17	2.340146767501184e-15
634.896892340863	4.2451084046964303e-17	2.3389596480665517e-15
636.2909050207843	3.4689921756514785e-17	2.3326419873704545e-15
637.6845743544228	8.928869089789661e-20	2.3240990233993368e-15
639.0778997015336	3.061613220259634e-17	2.3223541890551833e-15
640.470880422756	1.5460248836868296e-16	2.3111469617387085e-15
641.8635158796129	1.918325071342826e-18	2.3106714032426923e-15
643.2558054345119	1.8848474865105635e-16	2.3013696986394865e-15
644.647748450747	1.0229072815320323e-16	2.2991067651586823e-15
646.0393442924997	3.869100068585839e-18	2.2971125700320142e-15
647.4305923248396	4.788709897231334e-17	2.2917789859327966e-15
648.8214919137271	1.1965587809590878e-17	2.290257356314762e-15
650.2120424260117	6.733714264008697e-18	2.2840604402870982e-15
651.6022432294355	1.9376981591793088e-17	2.2835597120483957e-15
652.9920936926334	4.5453584283998935e-18	2.2767511914471542e-15
654.3815931851345	8.688735384118198e-17	2.26921070119604e-15
655.7707410773625	5.774013728822255e-17	2.265584847886621e-15
657.1595367406377	6.979014298900254e-17	2.260917068189171e-15
658.5479795471772	1.0579874257876667e-18	2.259621842346266e-15
659.936068870097	2.2611563647149633e-16	2.2486920301007654e-15
661.3238040834118	1.9106902617762448e-17	2.2496305755783097e-15
662.7111845620374	2.917457545224065e-29	2.2485497261139413e-15
664.0982096817905	2.091720185510423e-16	2.2365437848476914e-15
665.484878819391	7.037046968681814e-17	2.235981154437583e-15
666.8711913524614	4.172249642082302e-18	2.233631110513622e-15
668.2571466595302	0.0	2.2343432288962457e-15
669.6427441200301	0.0	2.2291348862366975e-15
671.0279831143017	1.9806013546028321e-16	2.2163234099674633e-15
672.4128630235929	3.9147873800822055e-17	2.2163419013729975e-15
673.7973832300598	4.072297675445065e-17	2.212326825366821e-15
675.1815431167696	2.450848351232422e-18	2.2114977392242888e-15
676.5653420676988	1.0016122962508446e-16	2.2029745807189626e-15
677.9487794677366	1.9397510056182932e-16	2.196515675702775e-15
679.3318547026848	1.3315470797004362e-17	2.2018180608146723e-15
680.7145671592586	2.009098317889779e-18	2.194143584611907e-15
682.0969162250892	1.4578565127966977e-17	2.1926068859667973e-15
683.4789012887218	4.145843721813638e-18	2.1865831559571237e-15
684.8605217396197	4.904722738697941e-17	2.1807999410776328e-15
686.2417769681632	1.3051335155048723e-17	2.1798017986305285e-15
687.6226663656521	2.4303301747497314e-17	2.1770771190721753e-15
689.0031893243047	1.4100635273189891e-16	2.1670750620176725e-15
690.3833452372609	1.737052745406225e-16	2.1623481073664723e-15
691.763133498582	1.6459969992866503e-17	2.1625947089194758e-15
693.1425535032514	6.11962222776822e-18	2.159712332387625e-15
694.5216046471766	3.7591259231332435e-17	2.154526165595269e-15
695.9002863271888	1.5471597849212703e-16	2.1478648602566063e-15
697.2785979410452	2.5566978779516692e-17	2.1474143934772897e-15
698.6565388874291	4.219822672497018e-17	2.148346958675846e-15
700.0341085659509	5.382147355253713e-17	2.1394575426344403e-15
701.411306377149	4.2454884955366515e-17	2.136041689770996e-15
702.7881317224915	3.323312161754855e-17	2.1374078439625893e-15
704.1645840043759	2.106224263296016e-17	2.1327148823988272e-15
705.5406626261303	9.776475587136569e-18	2.1277023412623327e-15
706.9163669920158	3.533541929309649e-17	2.121783932760338e-15
708.2916965072246	8.518437841023997e-17	2.1168846543199224e-15
709.6666505778833	1.7816923539797835e-17	2.1200603183240645e-15
711.0412286110533	1.0954577152554599e-17	2.1153376618637397e-15
712.4154300147306	2.9658252454236496e-19	2.108639742919737e-15
713.7892541978478	1.3722052257245479e-17	2.104651190742886e-15
715.1627005702743	8.252902448414192e-17	2.0994304678978685e-15
716.5357685428178	1.0031209676682095e-16	2.0954029061727896e-15
717.9084575272245	6.144080897606578e-17	2.0929787669051127e-15
719.2807669361807	1.295059382466301e-18	2.0934115255793824e-15
720.6526961833124	5.735354637949483e-19	2.089433525805264e-15
722.0242446831877	1.0083555982263409e-16	2.0816573563770917e-15
723.3954118513169	6.426695984022221e-17	2.079226619019388e-15
724.7661971041525	7.4744190554424e-17	2.075519923614214e-15
726.1365998590919	0.0	2.074304158611777e-15
727.5066195344767	3.7999826959725284e-17	2.0697725553305702e-15
728.8762555495939	1.218709530606573e-17	2.0670650821031793e-15
730.245507324677	1.2235011909019711e-16	2.0608227516317317e-15
731.6143742809064	2.0483658870937033e-19	2.0612382421084058e-15
732.9828558404109	3.294650172888079e-19	2.05793534563596e-15
734.350951426268	2.773256874916435e-18	2.056819775453036e-15
735.7186604625039	1.2961598979133533e-16	2.0475431973704363e-15
737.0859823740961	8.837103284386365e-17	2.045351980870785e-15
738.4529165869732	1.1630652015761021e-16	2.0414285026959243e-15
739.8194625280147	2.519934520239554e-18	2.0420781692454236e-15
741.1856196250538	6.3495324179852805e-18	2.0399167899896667e-15
742.5513873068766	6.108760226247398e-18	2.0363793007596386e-15
743.9167650032235	2.3299604035622835e-17	2.036773119027093e-15
745.2817521447902	4.739592229172133e-18	2.0294094218134075e-15
746.6463481632278	3.121061825480111e-17	2.024572254000369e-15
748.0105524911437	3.7944289598082775e-17	2.0279273718222287e-15
749.374364562103	6.289623939721934e-19	2.019104155529578e-15
750.7377838106281	5.734012466586657e-17	2.0144559718365474e-15
752.1008096722009	3.1075767611864355e-17	2.0164615344436714e-15
753.4634415832619	1.132857411804654e-16	2.006829411704817e-15
754.8256789812128	9.165604837021593e-18	2.007735194754346e-15
756.1875213044148	4.344810388120795e-17	2.002586593103894e-15
757.5489679921916	7.327523834688174e-18	2.0005211020423915e-15
758.910018484829	2.659681922610796e-17	1.9998859079414905e-15
760.2706722235761	4.069428473193466e-17	1.998186338598686e-15
761.630928650645	1.0620995458950063e-17	1.992522512890958e-15
762.9907872092126	3.3467957762712797e-17	1.9914187452958013e-15
764.3502473434212	4.147345697252042e-17	1.989209537606606e-15
765.709308498378	7.626103915796965e-18	1.98249897280772e-15
767.0679701201572	2.915091970574746e-17	1.9822799576775895e-15
768.4262316558008	2.5927731856597303e-17	1.979040101539872e-15
769.7840925533174	4.951745143598133e-17	1.972603317830733e-15
771.1415522616842	1.5480944583636147e-16	1.9668786137036467e-15
772.4986102308482	3.206877737035508e-17	1.9671257141211037e-15
773.8552659117261	4.041282015966764e-17	1.969560508759006e-15
775.2115187562042	9.396080491411064e-18	1.962025474937846e-15
776.5673682171412	5.242162002346972e-17	1.9579162745683136e-15
777.922813748366	1.526012181231919e-16	1.952566849769941e-15
779.2778548046807	2.9956459020172006e-16	1.945809485668884e-15
780.6324908418605	2.7716880445874273e-18	1.9513422553309787e-15
781.9867213166536	5.922170805065879e-17	1.946409863358609e-15
783.3405456867833	2.1570027677385912e-16	1.939514792247207e-15
784.6939634109468	4.087243145343293e-18	1.9432837079865876e-15
786.0469739488175	1.3079095966067338e-17	1.9426703468410105e-15
787.3995767610443	1.5611165122272788e-16	1.9328557586283653e-15
788.7517713092527	2.605907733386831e-17	1.933382490765016e-15
790.1035570560462	1.1493318487615936e-17	1.9351991261734177e-15
791.4549334650054	5.4440657732645104e-17	1.92715725609573e-15
792.8059000006893	7.266048387651553e-17	1.9240951646773822e-15
794.1564561286365	7.07472775637961e-18	1.9266537310585953e-15
795.5066013153653	3.6945146821872557e-19	1.920632846163016e-15
796.8563350283731	8.168078119902133e-18	1.917525391682131e-15
798.2056567361384	1.8473428549820862e-18	1.9166702416264754e-15
799.5545659081221	2.4183808617944925e-17	1.911811058063218e-15
800.9030620147653	9.440430529972015e-19	1.9108975395223424e-15
802.2511445274923	8.621120519684653e-19	1.9083905063810656e-15
803.5988129187109	2.321664607515996e-19	1.904881509199457e-15
804.946066661811	6.193067878047368e-17	1.9002074970094167e-15
806.2929052311673	2.3314335930057404e-16	1.892996190751108e-15
807.6393281021396	1.3942527120162238e-17	1.896269763036546e-15
808.9853347510715	4.6727381889309835e-20	1.894826784102608e-15
810.3309246552934	5.374177311478932e-17	1.8901150761418656e-15
811.676097293121	6.24801918874779e-17	1.8871325342018383e-15
813.0208521438566	4.164885964484421e-18	1.8862344668617447e-15
814.36518868779	9.112789083070267e-20	1.8855243322079084e-15
815.7091064061989	9.2926220346785e-17	1.8789252222503287e-15
817.0526047813484	2.8913772310799873e-16	1.8710047428983718e-15
818.3956832964924	4.510655300614174e-18	1.8761118022881878e-15
819.7383414358745	7.370478597432098e-17	1.8717350751879185e-15
821.0805786847274	7.514976598125306e-17	1.869198981194232e-15
822.4223945292733	5.850599549653668e-17	1.8671083565414306e-15
823.7637884567264	1.3981918990615234e-16	1.862510948739196e-15
825.1047599552907	6.597228693908616e-19	1.8644914419190937e-15
826.4453085141616	2.1895701246453733e-16	1.8553766470999473e-15
827.7854336235273	7.401863353508726e-17	1.8569126393203734e-15
829.1251347745681	6.950294965150764e-19	1.8569457210887207e-15
830.4644114594564	1.3805825849982054e-16	1.8502698179800696e-15
831.8032631713588	4.1701560137219645e-18	1.853761877569967e-15
833.1416894044353	3.8064119412470856e-17	1.8480384167124622e-15
834.4796896538393	4.007697888592703e-17	1.845729263882459e-15
835.8172634157203	8.541411730779853e-19	1.8447766137071838e-15
837.1544101872213	2.623876026757935e-18	1.8419018373334445e-15
838.4911294664815	2.84650268222407e-17	1.8389136631639813e-15
839.8274207526362	1.908360252193199e-17	1.836710994370281e-15
841.1632835458156	1.183975917062851e-17	1.8383068030685197e-15
842.498717347148	2.6339254999510686e-17	1.831888179476437e-15
843.8337216587587	6.743953700009362e-17	1.8284168771536447e-15
845.1682959837692	1.1078941852160088e-17	1.827651979915309e-15
846.5024398262997	1.0750198156213283e-17	1.825242649012952e-15
847.8361526914683	1.198387689369487e-17	1.8229035831650506e-15
849.1694340853925	5.695862085022473e-18	1.822072957893066e-15
850.5022835151875	1.6862048453173748e-18	1.819044559645317e-15
851.834700488969	7.515284454341368e-17	1.814303835479434e-15
853.1666845158514	6.3527548189549626e-18	1.8138456115341874e-15
854.4982351059497	3.036766502891365e-17	1.810941589600722e-15
855.8293517703798	5.785751327563248e-17	1.8079406769224456e-15
857.1600340212573	4.415241709507003e-17	1.8062327846933134e-15
858.4902813716994	1.8573678402852248e-17	1.8078302575566595e-15
859.8200933358257	5.1954451074908746e-18	1.803576374032311e-15
861.1494694287557	1.2888365776709625e-18	1.8008617752561505e-15
862.4784091666126	3.990444719482172e-17	1.797440666627259e-15
863.8069120665219	1.270938765751549e-16	1.7927812104885633e-15
865.1349776466113	1.0090467989190455e-17	1.795380766559631e-15
866.4626054260109	7.033560918628502e-17	1.789996922737157e-15
867.7897949248564	5.566501686051371e-17	1.7882114607240442e-15
869.1165456642857	8.773530128591818e-18	1.7886241536641996e-15
870.4428571664414	7.142979317971315e-17	1.7834913096375045e-15
871.768728954469	8.134555790132256e-17	1.7809020079265196e-15
873.0941605525209	7.639435964996454e-17	1.7790516788961585e-15
874.4191514857522	2.2711739895442278e-17	1.781537464805559e-15
875.7437012803247	8.91991451595587e-18	1.7766895624320784e-15
877.0678094634059	5.058794096453025e-16	1.7723825883102828e-15
878.3914755631673	5.129279432275648e-16	1.7756202395908315e-15
879.714699108788	5.195609251400712e-16	1.768080245949991e-15
881.0374796304527	5.257851112493358e-16	1.7632272685216843e-15
882.3598166593534	5.316085923864993e-16	1.7686637650821856e-15
883.6817097276881	5.370406211422687e-16	1.7670632597828275e-15
885.0031583686623	5.420914401875337e-16	1.7606879491749181e-15
886.3241621164884	5.467721138093208e-16	1.7606222537983615e-15
887.6447205063868	5.510943641024202e-16	1.7571807726122846e-15
888.9648330745857	5.550704130138006e-16	1.7545213113385663e-15
890.2844993583217	5.587128312092091e-16	1.7537114540181279e-15
891.6037188958378	5.620343945095174e-16	1.7485586108804128e-15
892.9224912263883	5.650479484450755e-16	1.7494016236052037e-15
894.2408158902339	5.677662812931321e-16	1.7485476198182841e-15
895.5586924286455	5.702020058005676e-16	1.7438634197146525e-15
896.8761203839024	5.723674496529667e-16	1.7433586811669712e-15
898.1930992992945	5.742745546297638e-16	1.741716358854475e-15
899.5096287191195	5.759347842852827e-16	1.7376046896684465e-15
900.825708188686	5.773590399142072e-16	1.7341461001657958e-15
902.1413372543116	5.785575845002659e-16	1.735142970913604e-15
903.4565154633257	5.795399743030495e-16	1.73039484181346e-15
904.7712423640666	5.803149977107789e-16	1.7302172195956112e-15
906.085517505883	5.80890620976138e-16	1.7297089716133042e-15
907.3993404391351	5.812739404547596e-16	1.725412724403672e-15
908.7127107151935	5.814711409817941e-16	1.7224648938103762e-15
910.0256278864399	5.814874600474552e-16	1.7281957796695865e-15
911.3380915062668	5.813271574699836e-16	1.7240848471472322e-15
912.6501011290785	5.809934903086474e-16	1.7223754180077139e-15
913.9616563102909	5.80488692813596e-16	1.7194633236274153e-15
915.2727566063302	5.798139612665412e-16	1.715280882097497e-15
916.5834015746364	5.789694436322096e-16	1.7159658477229018e-15
917.8935907736596	5.779542340088332e-16	1.7104118392590636e-15
919.2033237628634	5.767663719364864e-16	1.7100357318988e-15
920.5126001027219	5.754028466986091e-16	1.710522426929065e-15
921.8214193547228	5.738596068236778e-16	1.7084398506242276e-15
923.1297810813653	5.721315750710108e-16	1.7075344625497528e-15
924.4376848461625	5.70212669257013e-16	1.7053002651001761e-15
925.7451302136387	5.680958293472839e-16	1.7025931917773274e-15
927.052116749331	5.657730513066699e-16	1.6964365731797281e-15
928.3586440197903	5.632354282571366e-16	1.6956260226622762e-15
929.6647115925797	5.604731995449045e-16	1.6986058369755597e-15
930.9703190362751	5.574758083567552e-16	1.6956121541894955e-15
932.2754659204664	5.542319685522038e-16	1.6955560554720362e-15
933.5801518157562	5.507297413908179e-16	1.6899916496385167e-15
934.8843762937598	5.469566228230604e-16	1.6871009227057603e-15
936.1881389271072	5.428996419839245e-16	1.6877909201135392e-15
937.49143928944	5.385454714758426e-16	1.6847697681785036e-15
938.7942769554147	5.338805499409532e-16	1.6819829604684872e-15
940.0966515007015	5.288912173100243e-16	1.683070958664444e-15
941.398562501983	5.235638629659978e-16	1.6799473972812675e-15
942.7000095369559	5.178850868730812e-16	1.6797975378391065e-15
944.0009921843314	5.118418734998352e-16	1.678767622156909e-15
945.3015100238334	5.054217780954981e-16	1.6778359343140217e-15
946.6015626361999	4.9861312457600665e-16	1.6741279963954413e-15
947.9011496031828	4.914052139290651e-16	1.6726009777385366e-15
949.2002705075483	4.837885416652491e-16	1.6712599082703498e-15
950.4989249330761	4.757550224260696e-16	1.670242440406068e-15
951.797112464559	4.672982194181313e-16	1.6688744911365352e-15
953.0948326878046	4.584135758847559e-16	1.664275163791212e-15
954.3920851896345	4.490986453569142e-16	1.6644976941359324e-15
955.6888695578843	4.393533169686488e-16	1.6626375773898073e-15
956.9851853814026	4.2918003168616647e-16	1.6622927835642094e-15
958.2810322500529	4.185839849046776e-16	1.658517622839276e-15
959.5764097547126	4.0757331053446976e-16	1.6566450837238216e-15
960.8713174872723	3.9615924145046395e-16	1.6559041347206768e-15
962.1657550406369	3.843562410366551e-16	1.6559442091780003e-15
963.4597220087254	3.72182100543631e-16	1.6529694226884076e-15
964.7532179864711	3.5965799711514304e-16	1.6504862761911322e-15
966.0462425698195	3.4680850764372714e-16	1.647055366060304e-15
967.3387953557316	3.3366157410543444e-16	1.646447572281494e-15
968.6308759421813	3.202484167057464e-16	1.6482220205561965e-15
969.9224839281568	3.0660339204253707e-16	1.6425820285979818e-15
971.21361891366	2.9276379456023564e-16	1.6396798977132793e-15
972.5042804997058	2.7876960080930307e-16	1.6378924573219241e-15
973.794468288323	2.646631574131037e-16	1.6369310829910645e-15
975.0841818825543	2.5048881515250803e-16	1.637919518402817e-15
976.3734208864555	2.362925131513688e-16	1.6375363040741318e-15
977.6621849050958	2.22121318740823e-16	1.6341350597348361e-15
978.9504735445579	2.0802293012907161e-16	1.6275718116596606e-15
980.2382864119387	1.9404515044554665e-16	1.6352417415420957e-15
981.525623115346	1.802353429956595e-16	1.6297021626155234e-15
982.8124832639029	1.6663987859000444e-16	1.6287708117060487e-15
984.0988664677446	1.533035865410057e-16	1.6244235460633824e-15
985.3847723380196	1.4026922130134605e-16	1.6210937554070652e-15
986.6702004868893	1.2757695671326249e-16	1.6257555105215846e-15
987.955150527527	1.1526391942758686e-16	1.621239408819171e-15
989.2396220741192	1.0336377223292773e-16	1.6189265700124195e-15
990.5236147418663	9.190635682536824e-17	1.613329695491012e-15
991.807128146979	8.091740398630095e-17	1.621279786684427e-15
993.0901619066808	7.041831727517734e-17	1.6150698574229883e-15
994.3727156392092	6.042603425859514e-17	1.6148362066674093e-15
995.6547889638108	5.095296706948136e-17	1.6118210482141235e-15
996.9363815007467	4.200702181587016e-17	1.6119616525999786e-15
998.2174928712885	3.359169413057102e-17	1.6062972092237183e-15
999.4981226977209	2.5706236064761583e-17	1.6089471421058081e-15
1000.7782706033377	1.8345887664443097e-17	1.6061213613027792e-15
1002.0579362124463	1.1502165000630633e-17	1.6034780071111e-15
1003.3371191503646	5.163195207201605e-18	1.6068448705834157e-15
1004.6158190434224	0.0	1.6005750594296855e-15
1005.8940355189585	0.0	1.598317699532386e-15
1007.171768205324	0.0	1.6010737834405345e-15
1008.4490167318809	0.0	1.6000107504879438e-15
1009.7257807290007	0.0	1.5950110385215026e-15
1011.0020598280655	0.0	1.5947962772594012e-15
1012.277853661467	0.0	1.589480162286879e-15
1013.5531618626094	0.0	1.5893939164248008e-15
1014.827984065903	0.0	1.588266504733864e-15
1016.1023199067704	0.0	1.5840623429764723e-15
1017.3761690216417	0.0	1.5900225161581268e-15
1018.6495310479571	0.0	1.5865982467636562e-15
1019.9224056241668	0.0	1.5872833007124734e-15
1021.1947923897276	0.0	1.5834866024357173e-15
1022.466690985106	0.0	1.5840732248687013e-15
1023.7381010517776	0.0	1.5793165983127413e-15
1025.0090222322249	0.0	1.5808094638596906e-15
1026.2794541699388	0.0	1.5797557425496117e-15
1027.5493965094174	0.0	1.5795271604387096e-15
1028.818848896168	0.0	1.5767720873939294e-15
1030.087810976703	5.540247287004322e-18	1.5724126530774694e-15
1031.356282398543	1.2949733562706348e-17	1.5728834257743048e-15
1032.6242628102148	2.1386049861049976e-17	1.5694875122677651e-15
1033.8917518612523	3.097988335532436e-17	1.5732397921376144e-15
1035.1587492021954	4.187231406623363e-17	1.5692438248304946e-15
1036.4252544845895	5.421315286130101e-17	1.5658492760019665e-15
1037.691267360987	6.815812841732622e-17	1.5634256420091728e-15
1038.956787484945	8.386458849646656e-17	1.563751629552388e-15
1040.2218145110248	1.014853449921305e-16	1.5645854983925711e-15
1041.4863480947954	1.2116027969523306e-16	1.563508437532924e-15
1042.7503878928283	1.4300535567077026e-16	1.5629963499992766e-15
1044.0139335626995	1.6709876936674977e-16	1.558134341359295e-15
1045.2769847629909	1.9346415666910334e-16	1.5595495533753374e-15
1046.539541153286	2.220510584177959e-16	1.556819058290696e-15
1047.8016023941736	2.5271327895897494e-16	1.553135443539015e-15
1049.0631681472448	2.851863430139227e-16	1.5561806149207002e-15
1050.3242380750953	3.1906595362297546e-16	1.5532291571548536e-15
1051.5848118413203	3.5379011943450156e-16	1.551631379803827e-15
1052.8448891105213	3.886283426550243e-16	1.5482488602805715e-15
1054.1044695482992	4.226817701808444e-16	1.5472593963940574e-15
1055.3635528212583	4.548982899362075e-16	1.5432864676634827e-15
1056.6221385970023	4.8410596287283995e-16	1.5500959518050542e-15
1057.8802265441384	5.090667180966574e-16	1.5451368469107496e-15
1059.1378163322736	5.285498256951308e-16	1.545816442134536e-15
1060.3949076320162	5.414214329613415e-16	1.5442065014222219e-15
1061.6515001149721	5.467428178580598e-16	1.5439124992148943e-15
1062.9075934537507	5.438666723396724e-16	1.5407467344147713e-15
1064.1631873219587	5.325185522305136e-16	1.5368520005331794e-15
1065.4182813942025	5.128504662167367e-16	1.5367623557981814e-15
1066.6728753460873	4.854559618038993e-16	1.5338493189671614e-15
1067.9269688542167	4.513409665011955e-16	1.5358372089355823e-15
1069.1805615961941	4.118513212472336e-16	1.5331611362791368e-15
1070.4336532506181	3.68565054847474e-16	1.530941436537429e-15
1071.6862434970851	3.2316337089583936e-16	1.527989350874434e-15
1072.9383320161915	2.772976312795473e-16	1.5366866201184867e-15
1074.189918489527	2.324695537900333e-16	1.5325903375375558e-15
1075.4410025996795	1.8993852271262543e-16	1.528531561502784e-15
1076.6915840302322	1.5066430171711618e-16	1.5253867870944252e-15
1077.9416624657642	1.152869947855469e-16	1.5277396232265377e-15
1079.1912375918503	8.414030519398314e-17	1.5273954184264416e-15
1080.4403090950595	5.729008376937657e-17	1.5227952434051067e-15
1081.688876662955	3.4588306139724094e-17	1.5237048424267809e-15
1082.9369399840948	1.5732833442157685e-17	1.522933430513652e-15
1084.1844987480304	3.250249371337474e-19	1.5196208896534692e-15
1085.4315526453072	0.0	1.5195548656213474e-15
1086.6781013674613	0.0	1.5120826480060038e-15
1087.9241446070237	0.0	1.5115710445603822e-15
1089.169682057517	0.0	1.515760310591101e-15
1090.414713413455	0.0	1.512597286424571e-15
1091.6592383703426	0.0	1.5133953946382256e-15
1092.9032566246756	0.0	1.5111144197614433e-15
1094.1467678739405	0.0	1.5100753671009842e-15
1095.3897718166147	0.0	1.510070814842419e-15
1096.632268152163	0.0	1.5099854458229316e-15
1097.8742565810414	0.0	1.5079268895277488e-15
1099.115736804694	0.0	1.504891488226767e-15
1100.3567085255522	0.0	1.506345349734661e-15
1101.5971714470363	0.0	1.5054562399797059e-15
1102.837125273554	0.0	1.5013362377906747e-15
1104.0765697104985	0.0	1.5008592600762557e-15
1105.3155044642524	0.0	1.4999066549925577e-15
1106.5539292421815	0.0	1.5046362505592839e-15
1107.7918437526387	0.0	1.5004398743647005e-15
1109.0292477049613	4.0046174708961496e-18	1.5016305713377521e-15
1110.2661408094714	2.2614291086825635e-17	1.496406505398817e-15
1111.5025227774752	4.672720035006299e-17	1.4936154386005495e-15
1112.7383933212636	7.749189517898996e-17	1.4954984347706003e-15
1113.9737521541094	1.1592250704521393e-16	1.4941542932993007e-15
